0.203695
0.567795
0.380979
0.694217
0.200884
0.574330
0.187989
0.468776
0.185826
0.558444
0.574029
0.859151
0.344778
0.159894
0.110049
0.087064
0.760651
0.276280
0.489353
0.075125
0.744121
0.068071
0.104071
0.106904
0.180693
0.515038
0.989473
0.074084
0.315327
0.217818
0.109206
0.422104
0.744121
0.879281
0.089871
0.491341
0.103367
0.069518
0.441702
0.439683
0.833187
0.133816
0.675039
0.608854
0.018039
0.651966
0.927195
0.054032
0.273890
0.907330
0.262933
0.001192
0.855364
0.636977
0.605050
0.002201
0.238997
0.288794
0.088869
0.235301
0.204770
0.812591
0.003122
0.380454
0.693534
0.333504
0.970022
0.010618
0.209074
0.638009
0.012564
0.454502
0.971073
0.048058
0.203695
0.395952
0.556914
0.541325
0.878907
0.154449
0.096498
0.028982
0.884713
0.052250
0.632276
0.042325
0.158954
0.485847
0.229176
0.204691
0.145630
0.905360
0.902979
0.288539
0.474213
0.680185
0.473584
0.154325
0.268406
0.026561
0.360553
0.044616
0.693458
0.271442
0.971638
0.209333
0.953633
0.541140
0.915135
0.750820
0.062379
0.553227
0.014486
0.978000
0.967054
0.829351
0.267367
0.435527
0.523441
0.143344
0.569258
0.392828
0.529475
0.229605
0.446941
0.623950
0.274923
0.487687
0.404644
0.068034
0.184060
0.715152
0.306412
0.975782
0.292567
0.329700
0.227638
0.873243
0.882735
0.338880
0.272664
0.626622
0.030053
0.987937
0.124593
0.071370
0.018382
0.048058
0.395541
0.675573
0.137004
0.385131
0.035780
0.682775
0.777492
0.007142
0.320059
0.458479
0.114815
0.722134
0.667368
0.713346
0.640342
0.895323
0.001609
0.603301
0.589837
0.242357
0.927263
0.530649
0.930831
0.200172
0.714813
0.638850
0.413645
0.635907
0.194584
0.966172
0.774809
0.805483
0.058889
0.745744
0.714211
0.729126
0.737534
0.958503
0.902119
0.747733
0.673284
0.817933
0.837832
0.720635
0.060165
0.763485
0.776920
0.118247
0.129220
0.003690
0.966008
0.572600
0.391287
0.492834
0.341835
0.173769
0.196527
0.316144
0.431758
0.770749
0.149252
0.813304
0.853782
0.877523
0.613195
0.637130
0.921809
0.490275
0.772943
0.564648
0.630862
0.124425
0.359005
0.744416
0.395541
0.816046
0.553487
0.792289
0.725690
0.627921
0.033113
0.142922
0.236045
0.983269
0.787188
0.254790
0.524280
0.776026
0.593662
0.910236
0.174798
0.592146
0.302432
0.806994
0.326650
0.319125
0.783508
0.566633
0.986904
0.187533
0.845965
0.583902
0.065121
0.195073
0.723520
0.282260
0.982929
0.092499
0.795786
0.156618
0.027155
0.231412
0.549510
0.510080
0.296948
0.485847
0.017255
0.270297
0.786022
0.748322
0.164026
0.451020
0.436664
0.722359
0.922860
0.668819
0.405992
0.754449
0.108793
0.289229
0.123898
0.363212
0.806548
0.251228
0.373246
0.433523
0.824056
0.678508
0.332063
0.928813
0.642177
0.910161
0.975891
0.615443
0.802313
0.569859
0.781022
0.744416
0.119548
0.151100
0.107549
0.512755
0.909960
0.085793
0.538335
0.277940
0.337082
0.657777
0.286147
0.983957
0.397440
0.673284
0.875464
0.681061
0.010610
0.994215
0.460164
0.964167
0.197647
0.919591
0.640647
0.671529
0.407889
0.758867
0.239240
0.832206
0.518051
0.575797
0.702098
0.720485
0.021116
0.696569
0.709125
0.796344
0.313996
0.359124
0.684640
0.851256
0.781804
0.375139
0.511561
0.844408
0.529952
0.776992
0.481227
0.578922
0.001626
0.633079
0.103028
0.751114
0.805964
0.909508
0.913147
0.017997
0.858691
0.593927
0.543617
0.246093
0.591540
0.758685
0.171268
0.023827
0.245212
0.604099
0.573690
0.188172
0.679271
0.837347
0.296115
0.047160
0.369145
0.065129
0.124554
0.445789
0.098506
0.953295
0.175781
0.280581
0.582543
0.127894
0.888041
0.930147
0.571060
0.115501
0.553822
0.899198
0.351213
0.006395
0.926447
0.728753
0.414359
0.756240
0.530685
0.934435
0.359451
0.027210
0.400332
0.282134
0.809082
0.782160
0.096973
0.879855
0.727372
0.816484
0.082202
0.609387
0.732964
0.580091
0.263028
0.929592
0.013430
0.789444
0.787188
0.780061
0.476942
0.603035
0.284855
0.935798
0.875784
0.492728
0.916883
0.944522
0.637551
0.419218
0.161804
0.266043
0.911959
0.940916
0.066541
0.848115
0.258602
0.925901
0.692547
0.984331
0.776813
0.042531
0.932754
0.291717
0.890392
0.571323
0.140186
0.411926
0.936221
0.182005
0.100788
0.065129
0.617807
0.933705
0.281256
0.903005
0.864891
0.083489
0.993155
0.551925
0.889731
0.635257
0.654184
0.091688
0.378913
0.296974
0.725241
0.648486
0.573991
0.975465
0.450645
0.317127
0.774056
0.950026
0.177569
0.519214
0.469263
0.713496
0.223115
0.704708
0.634990
0.382308
0.647186
0.001415
0.568883
0.423452
0.530942
0.987451
0.020325
0.707767
0.448332
0.181295
0.750674
0.064236
0.087763
0.475577
0.368056
0.459476
0.249302
0.617235
0.896130
0.660606
0.686276
0.013988
0.856847
0.266043
0.079290
0.184563
0.609615
0.499831
0.523295
0.844408
0.695431
0.300377
0.597871
0.315327
0.088401
0.660109
0.606571
0.562478
0.980423
0.337310
0.526802
0.407954
0.109529
0.590026
0.617807
0.306919
0.640494
0.152890
0.263744
0.217202
0.800722
0.464028
0.760688
0.629372
0.201463
0.374742
0.244445
0.050259
0.402437
0.248388
0.080317
0.900729
0.982154
0.479152
0.945574
0.120661
0.735195
0.243972
0.122225
0.222236
0.519105
0.031679
0.807439
0.212058
0.167681
0.936284
0.651431
0.109195
0.164679
0.634187
0.007582
0.717144
0.071244
0.216341
0.825020
0.788105
0.601287
0.826777
0.485282
0.105089
0.568770
0.590859
0.543062
0.791131
0.886228
0.260678
0.119561
0.670155
0.791728
0.644433
0.475962
0.028525
0.249645
0.826115
0.433690
0.950119
0.285893
0.015179
0.295647
0.048311
0.009068
0.447348
0.337509
0.512538
0.015368
0.092688
0.060638
0.590026
0.379590
0.004913
0.570497
0.112930
0.353474
0.466590
0.177220
0.355774
0.135056
0.504567
0.589345
0.815471
0.640647
0.017719
0.484575
0.705426
0.060138
0.652807
0.474003
0.231823
0.051433
0.311372
0.868366
0.545764
0.642368
0.205770
0.395857
0.895404
0.645657
0.900729
0.581260
0.585337
0.425792
0.207585
0.733411
0.680109
0.463164
0.376854
0.589837
0.429897
0.975231
0.337253
0.559489
0.268115
0.403716
0.897763
0.190007
0.634302
0.910862
0.738202
0.454365
0.375629
0.954568
0.584846
0.962395
0.822657
0.404100
0.015542
0.920538
0.751664
0.046773
0.404228
0.279906
0.865493
0.326538
0.002203
0.612585
0.191969
0.238223
0.291665
0.601515
0.243500
0.594420
0.518741
0.379590
0.522711
0.334183
0.262148
0.237672
0.220963
0.367271
0.785174
0.987028
0.618303
0.524244
0.443659
0.765406
0.518487
0.250057
0.039102
0.407632
0.237011
0.042639
0.442275
0.404612
0.009804
0.128304
0.768190
0.728977
0.873038
0.191783
0.308711
0.811367
0.245076
0.105200
0.692471
0.234014
0.891956
0.931029
0.084822
0.800895
0.401224
0.130356
0.567383
0.763884
0.121252
0.153059
0.257639
0.661752
0.715152
0.083110
0.374497
0.305799
0.203812
0.107834
0.325897
0.814287
0.367180
0.132695
0.235892
0.195111
0.708786
0.682927
0.346082
0.011096
0.001438
0.274923
0.063255
0.836051
0.788845
0.595178
0.664923
0.205652
0.583260
0.855550
0.125602
0.376762
0.556057
0.421611
0.493297
0.326455
0.917919
0.432990
0.571210
0.742533
0.346024
0.119275
0.397599
0.180463
0.890860
0.086296
0.426849
0.096994
0.863321
0.105457
0.226490
0.842174
0.829120
0.045157
0.025364
0.219863
0.427775
0.888624
0.132804
0.488148
0.367543
0.098790
0.739647
0.578659
0.303330
0.701985
0.720822
0.558108
0.371359
0.925238
0.807302
0.876336
0.013164
0.836019
0.000728
0.846567
0.474877
0.617311
0.571323
0.205220
0.071915
0.713045
0.546209
0.253977
0.617159
0.805105
0.505610
0.103236
0.996127
0.866003
0.451258
0.670575
0.286502
0.920255
0.655369
0.639500
0.735344
0.918422
0.125382
0.548990
0.018244
0.483764
0.163749
0.301587
0.032208
0.289459
0.294661
0.421611
0.408791
0.445654
0.461783
0.360762
0.663166
0.251597
0.475822
0.205299
0.281582
0.555573
0.880027
0.984312
0.804106
0.887234
0.727969
0.110489
0.507122
0.203773
0.394846
0.542840
0.296818
0.241821
0.527388
0.667941
0.848083
0.143781
0.418793
0.289561
0.667979
0.192024
0.741313
0.244220
0.694444
0.125356
0.948233
0.743382
0.814761
0.687227
0.692091
0.484046
0.773948
0.305108
0.503093
0.555461
0.914793
0.570722
0.480347
0.639653
0.427312
0.210351
0.082551
0.292257
0.616320
0.544024
0.843994
0.823790
0.202353
0.434491
0.949896
0.924457
0.854341
0.175971
0.588361
0.628647
0.100018
0.720410
0.025546
0.213532
0.175367
0.413645
0.791061
0.006269
0.294661
0.854093
0.465585
0.451974
0.949413
0.124052
0.979602
0.197305
0.155928
0.145615
0.203267
0.812285
0.918661
0.488998
0.739795
0.883386
0.824588
0.412218
0.219159
0.138171
0.584355
0.836311
0.206223
0.068632
0.517433
0.807199
0.933920
0.071048
0.854466
0.626775
0.639424
0.062952
0.981087
0.299353
0.747144
0.169768
0.496684
0.053333
0.547803
0.400873
0.182343
0.260630
0.230206
0.852256
0.737312
0.521763
0.257358
0.434224
0.765189
0.620286
0.142415
0.616587
0.171048
0.562029
0.764609
0.027084
0.511706
0.147887
0.810413
0.654490
0.489956
0.993301
0.071583
0.755509
0.453715
0.004729
0.861075
0.312966
0.305986
0.677174
0.573239
0.913591
0.351888
0.332854
0.885948
0.854093
0.058219
0.559900
0.768370
0.856785
0.752178
0.631283
0.369993
0.757080
0.429598
0.665114
0.890997
0.016167
0.674352
0.055988
0.274307
0.004525
0.138779
0.411084
0.116155
0.035444
0.191078
0.608397
0.011761
0.204848
0.030774
0.163537
0.566146
0.604708
0.799959
0.092123
0.571210
0.786093
0.310456
0.807096
0.411279
0.165647
0.207447
0.630633
0.666719
0.403076
0.810958
0.500511
0.104468
0.115344
0.066541
0.761161
0.248639
0.093117
0.923510
0.496898
0.856384
0.863896
0.132110
0.329952
0.924825
0.621889
0.741904
0.028831
0.481051
0.748689
0.590215
0.803348
0.110176
0.855859
0.463233
0.401862
0.832304
0.058553
0.790850
0.065078
0.160774
0.439515
0.885948
0.669239
0.089099
0.763449
0.028109
0.405896
0.375537
0.437401
0.193310
0.050523
0.439079
0.889648
0.071614
0.600376
0.472711
0.118531
0.590632
0.089958
0.621049
0.624561
0.724942
0.791272
0.981368
0.119685
0.851382
0.603567
0.305108
0.235542
0.268454
0.738090
0.927172
0.739499
0.205260
0.474457
0.163993
0.139289
0.303648
0.857924
0.265707
0.654490
0.608702
0.853596
0.037988
0.514095
0.464097
0.814795
0.259567
0.059634
0.510116
0.270808
0.378359
0.012870
0.942664
0.083725
0.626699
0.162887
0.531970
0.195280
0.921504
0.753973
0.650245
0.681594
0.343882
0.481860
0.778171
0.841565
0.817193
0.793480
0.089552
0.555573
0.367905
0.712517
0.465204
0.437770
0.518305
0.669239
0.433557
0.193778
0.500834
0.850536
0.232515
0.479082
0.564985
0.792149
0.124657
0.362464
0.998924
0.476732
0.313129
0.575533
0.408695
0.760797
0.902875
0.119163
0.199922
0.748506
0.419251
0.805105
0.924641
0.313508
0.164810
0.447484
0.084529
0.940224
0.856600
0.159607
0.928790
0.138496
0.253931
0.601363
0.691104
0.997440
0.928118
0.137917
0.906897
0.354004
0.940976
0.144366
0.411246
0.833382
0.290304
0.119486
0.580317
0.345155
0.397535
0.431924
0.523769
0.615863
0.060117
0.620286
0.643209
0.889620
0.352475
0.725727
0.151176
0.733411
0.987660
0.395667
0.501264
0.597567
0.097534
0.626011
0.549102
0.261863
0.281056
0.064472
0.177883
0.468116
0.518305
0.498077
0.922347
0.044370
0.394120
0.398519
0.198066
0.759705
0.889206
0.388593
0.416051
0.013330
0.827438
0.225516
0.210552
0.374589
0.553078
0.050927
0.610110
0.286883
0.621584
0.098590
0.623644
0.867142
0.098098
0.678966
0.021121
0.466174
0.368751
0.537229
0.553822
0.929526
0.065945
0.213147
0.256726
0.282662
0.236177
0.581750
0.284198
0.691939
0.050122
0.826942
0.369357
0.446094
0.004486
0.172268
0.270273
0.183379
0.914818
0.878850
0.721122
0.939509
0.586471
0.469159
0.986502
0.674429
0.485423
0.216976
0.248183
0.668895
0.298044
0.712706
0.196622
0.563039
0.775811
0.321905
0.189786
0.652463
0.263505
0.372149
0.204633
0.359600
0.351624
0.675878
0.093427
0.498077
0.537598
0.103400
0.626050
0.085960
0.028553
0.367362
0.110443
0.495078
0.915866
0.937897
0.754046
0.530319
0.129553
0.985393
0.961491
0.869466
0.287061
0.626508
0.211314
0.928567
0.756971
0.749792
0.571511
0.879769
0.026615
0.162612
0.021161
0.032620
0.118680
0.095094
0.503740
0.945380
0.526510
0.514276
0.362614
0.536898
0.000565
0.461611
0.428405
0.596581
0.021688
0.364112
0.691370
0.640647
0.561693
0.317837
0.027963
0.122175
0.022607
0.382711
0.745965
0.961266
0.699259
0.010294
0.092341
0.334070
0.121693
0.693799
0.532153
0.030449
0.386501
0.038347
0.928231
0.375629
0.367633
0.765732
0.190764
0.180058
0.325563
0.045193
0.173205
0.001146
0.093427
0.444030
0.551925
0.807713
0.419480
0.163846
0.916351
0.342785
0.522237
0.678966
0.659192
0.283568
0.610224
0.293910
0.342987
0.858077
0.620820
0.433023
0.032080
0.031271
0.681099
0.753204
0.108244
0.163749
0.784395
0.886843
0.713120
0.047230
0.138411
0.738684
0.544653
0.409082
0.901097
0.782586
0.527644
0.165779
0.418662
0.555722
0.009461
0.224713
0.871361
0.738684
0.451906
0.352534
0.543987
0.565584
0.901255
0.628532
0.701379
0.178214
0.947247
0.996417
0.942604
0.798953
0.592298
0.199270
0.611709
0.932884
0.400268
0.598630
0.217284
0.281532
0.883330
0.005516
0.076656
0.287112
0.594723
0.740202
0.805758
0.986290
0.173923
0.924273
0.818169
0.635983
0.879252
0.444030
0.091777
0.387374
0.333221
0.168396
0.269860
0.573465
0.869347
0.594078
0.833839
0.707918
0.132382
0.296713
0.804244
0.658542
0.608169
0.540845
0.353533
0.794040
0.464408
0.662593
0.530685
0.118581
0.791623
0.719247
0.689888
0.354122
0.651507
0.581864
0.950045
0.641412
0.636098
0.997440
0.307453
0.936747
0.432390
0.127683
0.089620
0.338052
0.660682
0.306839
0.973522
0.736235
0.533880
0.193890
0.075795
0.190745
0.316635
0.549250
0.121239
0.839123
0.860862
0.728081
0.821020
0.126934
0.489424
0.580393
0.619180
0.315844
0.302537
0.304868
0.608245
0.716693
0.432091
0.801656
0.996321
0.949544
0.267029
0.937793
0.426684
0.136487
0.726064
0.656975
0.879252
