0.000000
0.000000
0.000000
0.000000
0.000000
0.000000
0.000000
0.000000
0.000000
0.000000
0.000000
0.000000
0.000000
0.000000
0.000000
0.000120
0.000000
0.000000
0.000000
0.000000
0.000000
0.000000
0.297078
0.000000
0.000000
0.549213
0.000000
0.560086
0.488325
0.000000
0.000000
0.000000
0.000000
0.000000
0.000000
0.147857
0.000000
0.000000
0.773123
0.925284
0.794948
0.000000
0.000000
0.314213
0.813745
0.156665
0.000000
0.224776
0.000000
0.000000
0.000000
0.000000
0.000000
0.000000
0.000000
0.006218
0.000000
0.987842
0.198696
0.000000
0.000000
0.220174
0.148726
0.000000
0.162725
0.000000
0.000000
0.000000
0.199155
0.000000
0.000000
0.000000
0.000000
0.000000
0.000000
0.000000
0.000000
0.000000
0.000000
0.000000
0.000000
0.000000
0.000000
0.000000
0.000000
0.000000
0.000000
0.379344
0.000000
0.000000
0.000000
0.126214
0.000000
0.726737
0.705879
0.000000
0.000000
0.000000
0.000000
0.000000
0.000000
0.000000
0.000000
0.000000
0.000000
0.520160
0.000000
0.000000
0.000000
0.000000
0.100852
0.727073
0.000000
0.327990
0.161127
0.186134
0.000000
0.000000
0.000000
0.000000
0.000000
0.479750
0.000000
0.672445
0.909533
0.000000
0.862685
0.583071
0.000000
0.827174
0.000000
0.000000
0.000000
0.946385
0.553785
0.000000
0.848178
0.000000
0.000000
0.000000
0.262838
0.000000
0.000000
0.000000
0.000000
0.000000
0.000000
0.000000
0.000000
0.000000
0.000000
0.000000
0.000000
0.000000
0.000000
0.000000
0.000000
0.000000
0.000000
0.000000
0.000000
0.000000
0.000000
0.541842
0.000000
0.000000
0.000000
0.000000
0.000000
0.000000
0.462232
0.000000
0.000000
0.020076
0.000000
0.622080
0.767684
0.000000
0.000000
0.000000
0.000000
0.000000
0.000000
0.236572
0.000000
0.000000
0.112918
0.963674
0.998295
0.000000
0.000000
0.527424
0.052369
0.575345
0.000000
0.577566
0.000000
0.000000
0.000000
0.000000
0.000000
0.000000
0.000000
0.954533
0.000000
0.623301
0.829811
0.000000
0.000000
0.823024
0.170998
0.000000
0.017780
0.000000
0.000000
0.000000
0.059101
0.000000
0.000000
0.000000
0.000000
0.000000
0.000000
0.000000
0.000000
0.000000
0.000000
0.000000
0.000000
0.000000
0.000000
0.000000
0.000000
0.000000
0.000000
0.773482
0.000000
0.000000
0.000000
0.316117
0.000000
0.693648
0.466555
0.000000
0.000000
0.000000
0.000000
0.000000
0.000000
0.000000
0.000000
0.000000
0.000000
0.076916
0.000000
0.000000
0.000000
0.000000
0.303860
0.021717
0.000000
0.129486
0.796239
0.009596
0.000000
0.000000
0.000000
0.000000
0.000000
0.252819
0.000000
0.067628
0.590026
0.000000
0.387905
0.383889
0.000000
0.583147
0.000000
0.000000
0.000000
0.004590
0.453989
0.000000
0.509394
0.000000
0.000000
0.000000
0.137383
0.000000
0.000000
0.000000
0.000000
0.000000
0.000000
0.000000
0.000000
0.000000
0.000000
0.000000
0.000000
0.000000
0.000000
0.000000
0.000000
0.000000
0.000000
0.000000
0.000000
0.000000
0.000000
0.320417
0.000000
0.000000
0.000000
0.000000
0.000000
0.000000
0.302934
0.000000
0.000000
0.463855
0.000000
0.711199
0.305054
0.000000
0.000000
0.000000
0.000000
0.000000
0.000000
0.359064
0.000001
0.000000
0.653648
0.659497
0.594040
0.000000
0.000000
0.312479
0.768190
0.267777
0.000000
0.702136
0.000000
0.000000
0.000000
0.000000
0.000000
0.000000
0.000000
0.001058
0.000000
0.323204
0.400268
0.000000
0.000000
0.337509
0.855364
0.000000
0.446060
0.000000
0.000000
0.000000
0.701379
0.000000
0.000000
0.000000
0.000000
0.000000
0.000000
0.000000
0.000000
0.000000
0.000000
0.000000
0.000000
0.000000
0.000000
0.000000
0.000000
0.000000
0.000000
0.118063
0.000000
0.000000
0.000000
0.998723
0.000000
0.092559
0.392010
0.000000
0.000000
0.000000
0.000000
0.000000
0.000000
0.000000
0.000000
0.000000
0.000000
0.408824
0.000000
0.000000
0.000000
0.000000
0.246410
0.285893
0.000000
0.387312
0.705841
0.799751
0.000000
0.000000
0.000000
0.000000
0.000000
0.362883
0.000000
0.667521
0.960929
0.000000
0.525303
0.295153
0.000000
0.323066
0.000000
0.000000
0.000000
0.356218
0.204242
0.000000
0.497041
0.000000
0.000000
0.000000
0.690610
0.000000
0.000000
0.000000
0.000000
0.000000
0.000000
0.000000
0.000000
0.000000
0.000000
0.000000
0.000000
0.000000
0.000000
0.000010
0.000000
0.000000
0.000000
0.000000
0.000000
0.000000
0.000000
0.745744
0.000000
0.000000
0.000000
0.000000
0.000000
0.000000
0.281908
0.000000
0.000000
0.975465
0.000000
0.931949
0.721422
0.000000
0.000000
0.000000
0.000000
0.000000
0.000000
0.965725
0.000000
0.000000
0.648027
0.000205
0.254349
0.000000
0.000000
0.709502
0.872421
0.153013
0.000000
0.093568
0.000000
0.000000
0.000000
0.000000
0.000000
0.000000
0.000000
0.573653
0.000000
0.550030
0.622576
0.000000
0.000000
0.745891
0.561730
0.000000
0.134380
0.000000
0.000000
0.000000
0.966112
0.000000
0.000000
0.000000
0.000000
0.000000
0.000000
0.000000
0.000000
0.000000
0.000000
0.000000
0.000000
0.000000
0.000000
0.000000
0.000000
0.000000
0.000000
0.534910
0.000000
0.000000
0.000000
0.641986
0.000000
0.502447
0.961299
0.000000
0.000000
0.000000
0.000000
0.000000
0.000000
0.000000
0.000000
0.000000
0.000000
0.856970
0.000000
0.000000
0.000000
0.000000
0.860068
0.820384
0.000000
0.457723
0.153044
0.062539
0.000000
0.000000
0.000000
0.000000
0.000000
0.634798
0.000000
0.887568
0.004337
0.000000
0.542507
0.416703
0.000000
0.163228
0.000000
0.000000
0.000000
0.131325
0.542692
0.000000
0.076563
0.000000
0.000000
0.000000
0.093598
0.000000
0.000000
0.000000
0.000000
0.000000
0.000000
0.000000
0.000000
0.000000
0.000000
0.000000
0.000000
0.000000
0.000000
0.000000
0.000000
0.000000
0.000000
0.000000
0.000000
0.000000
0.000000
0.732592
0.000000
0.000000
0.000000
0.000000
0.000000
0.000000
0.212986
0.000000
0.000000
0.945516
0.000000
0.286096
0.242648
0.000000
0.000000
0.000000
0.000000
0.000000
0.000000
0.601287
0.000000
0.000000
0.523806
0.731735
0.202470
0.000000
0.000000
0.637856
0.347128
0.420037
0.000000
0.598971
0.000000
0.000000
0.000000
0.000000
0.000000
0.000000
0.000000
0.594761
0.000000
0.483446
0.134821
0.000000
0.000000
0.517724
0.330992
0.000000
0.096096
0.000000
0.000000
0.000000
0.106431
0.000000
0.000000
0.000000
0.000000
0.000000
0.000000
0.000000
0.000000
0.000000
0.000000
0.000000
0.000000
0.000000
0.000000
0.000000
0.000000
0.000000
0.000000
0.093708
0.000000
0.000000
0.000000
0.340944
0.000000
0.825518
0.444875
0.000000
0.000000
0.000000
0.000000
0.000000
0.000000
0.000000
0.000000
0.000000
0.000000
0.061314
0.000000
0.000000
0.000000
0.000000
0.988609
0.651393
0.000000
0.132327
0.649939
0.563900
0.000000
0.000000
0.000000
0.000000
0.000000
0.028397
0.000000
0.868545
0.941643
0.000000
0.418466
0.274504
0.000000
0.154558
0.000000
0.000000
0.000000
0.262671
0.137145
0.000000
0.926810
0.000000
0.000000
0.000000
0.817563
0.000000
0.000000
0.000000
0.000000
0.000000
0.000000
0.000000
0.000000
0.000000
0.000000
0.000000
0.000000
0.000000
0.000000
0.000000
0.000000
0.000000
0.000000
0.000000
0.000000
0.000000
0.000000
0.793270
0.000000
0.000000
0.000000
0.000000
0.000000
0.000000
0.756752
0.000000
0.000000
0.731922
0.000000
0.119922
0.012490
0.000000
0.000000
0.000000
0.000000
0.000000
0.000000
0.024807
0.000000
0.000000
0.147857
0.078343
0.759487
0.000000
0.000000
0.060374
0.440961
0.351888
0.000000
0.867650
0.000000
0.000000
0.000000
0.000000
0.000000
0.000000
0.000000
0.654451
0.000000
0.271808
0.542470
0.000000
0.000000
0.584128
0.078600
0.000000
0.500475
0.000000
0.000000
0.000000
0.889012
0.000000
0.000000
0.000000
0.000000
0.000000
0.000000
0.000000
0.000000
0.000000
0.000000
0.000000
0.000000
0.000000
0.000000
0.000000
0.000000
0.000000
0.000000
0.397187
0.000000
0.000000
0.000000
0.885864
0.000000
0.862988
0.147887
0.000000
0.000000
0.000000
0.000000
0.000000
0.000000
0.000000
0.000000
0.000000
0.000000
0.246932
0.000000
0.000000
0.000000
0.000000
0.239395
0.249530
0.000000
0.912356
0.738461
0.055061
0.000000
0.000000
0.000000
0.000000
0.000000
0.403812
0.000000
0.742718
0.576399
0.000000
0.825584
0.527424
0.000000
0.965665
0.000000
0.000000
0.000000
0.251136
0.677594
0.000000
0.870385
0.000000
0.000000
0.000000
0.093769
0.000000
0.000000
0.000000
0.000000
0.000000
0.000000
0.000000
0.000000
0.000000
0.000000
0.000000
0.000000
0.000000
0.000000
0.000000
0.000000
0.000000
0.000000
0.000000
0.000000
0.000000
0.000000
0.131163
0.000000
0.000000
0.000000
0.000000
0.000000
0.000000
0.535609
0.000000
0.000000
0.921292
0.000000
0.881341
0.000001
0.000000
0.000000
0.000000
0.000000
0.000000
0.000000
0.953987
0.000000
0.000000
0.744379
0.341088
0.438407
0.000000
0.000000
0.550550
0.586546
0.556392
0.000000
0.531272
0.000000
0.000000
0.000000
0.000000
0.000000
0.000000
0.000000
0.012277
0.000000
0.345966
0.947094
0.000000
0.000000
0.351976
0.413905
0.000000
0.862200
0.000000
0.000000
0.000000
0.479293
0.000000
0.000000
0.000000
0.000000
0.000000
0.000000
0.000000
0.000000
0.000000
0.000000
0.000000
0.000000
0.000000
0.000000
0.000000
0.000000
0.000000
0.000000
0.205064
0.000000
0.000000
0.000000
0.977013
0.000000
0.984754
0.036929
0.000000
0.000000
0.000000
0.000000
0.000000
0.000000
0.000000
0.000000
0.000000
0.000000
0.984945
0.000000
0.000000
0.000000
0.000000
0.836213
0.827273
0.000000
0.827339
0.187916
0.224376
0.000000
0.000000
0.000000
0.000000
0.000000
0.440053
0.000000
0.354122
0.400778
0.000000
0.659994
0.567720
0.000000
0.443321
0.000000
0.000000
0.000001
0.128145
0.956749
0.000000
0.651278
0.000000
0.000000
0.000000
0.072018
0.000000
0.000000
0.000000
0.000000
0.000000
0.000000
0.000000
0.000000
0.000000
0.000000
0.000000
0.000000
0.000000
0.000000
0.000000
0.000000
0.000000
0.000000
0.000000
0.000000
0.000000
0.000000
0.664236
0.000000
0.000000
0.000000
0.000000
0.000000
0.000000
0.728230
0.000000
0.000000
0.653687
0.000000
0.893211
0.104468
0.000000
0.000000
0.000000
0.000000
0.000000
0.000000
0.535094
0.000000
0.000000
0.695279
0.545431
0.334722
0.000000
0.000000
0.484717
0.948459
0.881882
0.000000
0.540254
0.000000
0.000000
0.000000
0.000000
0.000000
0.000000
0.000000
0.395794
0.000000
0.830206
0.080765
0.000000
0.000000
0.288794
0.094262
0.000000
0.375629
0.000000
0.000000
0.000000
0.056904
0.000000
0.000000
0.000000
0.000000
0.000000
0.000000
0.000000
0.000000
0.000000
0.000000
0.000000
0.000000
0.000000
0.000000
0.000000
0.000000
0.000000
0.000000
0.894025
0.000000
0.000000
0.000000
0.279906
0.000000
0.709955
0.362434
0.000000
0.000000
0.000000
0.000000
0.000000
0.000000
0.000000
0.000000
0.000000
0.000000
0.192918
0.000000
0.000000
0.000000
0.000000
0.704405
0.367603
0.000000
0.340140
0.825087
0.766600
0.000000
0.000000
0.000000
0.000000
0.000000
0.921128
0.000001
0.479820
0.667330
0.000000
0.719660
0.944991
0.000000
0.921715
0.000000
0.000000
0.000000
0.075895
0.006800
0.000000
0.794494
0.000000
0.000000
0.000000
0.041036
0.000000
0.000000
0.000000
0.000000
0.000000
0.000000
0.000000
0.000000
0.000000
0.000000
0.000000
0.000000
0.000000
0.000000
0.000000
0.000000
0.000000
0.000000
0.000000
0.000000
0.000000
0.000000
0.959628
0.000000
0.000000
0.000000
0.000000
0.000000
0.000000
0.608435
0.000000
0.000000
0.266524
0.000000
0.537524
0.254860
0.000000
0.000000
0.000000
0.000000
0.000000
0.000000
0.298619
0.000000
0.000000
0.900913
0.605392
0.814761
0.000000
0.000000
0.447348
0.529695
0.316553
0.000000
0.102407
0.000000
0.000000
0.000000
0.000000
0.000000
0.000000
0.000000
0.671453
0.000000
0.772620
0.934628
0.000000
0.000000
0.289561
0.416932
0.000000
0.579488
0.000000
0.000000
0.000000
0.620019
0.000000
0.000000
0.000000
0.000000
0.000000
0.000000
0.000000
0.000000
0.000000
0.000000
0.000000
0.000000
0.000000
0.000000
0.000000
0.000000
0.000000
0.000000
0.948816
0.000000
0.000000
0.000000
0.564611
0.000000
0.999446
0.220901
0.000000
0.000000
0.000000
0.000000
0.000000
0.000000
0.000000
0.000000
0.000000
0.000000
0.489105
0.000000
0.000000
0.000000
0.000000
0.473305
0.441096
0.000000
0.050088
0.111282
0.348263
0.000000
0.000000
0.000000
0.000000
0.000000
0.860252
0.000000
0.817125
0.239750
0.000000
0.393237
0.476942
0.000000
0.429233
0.000000
0.000000
0.000000
0.005805
0.553190
0.000000
0.979634
0.000000
0.000000
0.000000
0.938209
0.000000
0.000000
0.000000
0.000000
0.000000
0.000000
0.000000
0.000000
0.000000
0.000000
0.000000
0.000000
0.000000
0.000000
0.000000
0.000000
0.000000
0.000000
0.000000
0.000000
0.000000
0.000000
0.056159
0.000000
0.000000
0.000000
0.000000
0.000000
0.000000
0.161949
0.000000
0.000000
0.699789
0.000000
0.610986
0.092768
0.000000
0.000000
0.000000
0.000000
0.000000
0.000000
0.175263
0.000000
0.000000
0.459201
0.965516
0.770029
0.000000
0.000000
0.630862
0.049946
0.329110
0.000000
0.838510
0.000000
0.000000
0.000000
0.000000
0.000000
0.000000
0.000000
0.152675
0.000000
0.070852
0.777635
0.000000
0.000000
0.361806
0.419546
0.000000
0.186424
0.000000
0.000000
0.000000
0.492123
0.000000
0.000000
0.000000
0.000000
0.000000
0.000000
0.000000
0.000000
0.000000
0.000000
0.000000
0.000000
0.000000
0.000000
0.000000
0.000000
0.000000
0.000000
0.415856
0.000000
0.000000
0.000000
0.593548
0.000000
0.859273
0.000474
0.000000
0.000000
0.000000
0.000000
0.000000
0.000000
0.000000
0.000000
0.000000
0.000000
0.604137
0.000000
0.000000
0.000000
0.000000
0.790112
0.529512
0.000000
0.711802
0.933619
0.624370
0.000000
0.000000
0.000000
0.000000
0.000000
0.517760
0.000000
0.150826
0.417388
0.000000
0.966290
0.983075
0.000000
0.339968
0.000000
0.000000
0.000000
0.893564
0.957428
0.000000
0.220922
0.000000
0.000000
0.000000
0.397916
0.000000
0.000000
0.000000
0.000000
0.000000
0.000000
0.000000
