0.870918
0.147156
0.425462
0.064875
0.974095
0.251965
0.894242
0.140601
0.872362
0.986434
0.264867
0.931905
0.551293
0.246252
0.069611
0.792219
0.850066
0.678356
0.990335
0.154806
0.214831
0.826446
0.767937
0.781200
0.736755
0.246660
0.841213
0.054689
0.816889
0.999575
0.278387
0.399409
0.163781
0.333362
0.191634
0.735827
0.158669
0.054044
0.979338
0.888596
0.352299
0.603111
0.420496
0.284400
0.968608
0.835889
0.504459
0.654604
0.437535
0.682470
0.111107
0.740017
0.961315
0.900861
0.056419
0.957038
0.559788
0.520306
0.453544
0.607979
0.404132
0.915013
0.121151
0.108358
0.449420
0.698123
0.834100
0.162887
0.982663
0.056324
0.829384
0.141837
0.384914
0.533219
0.870918
0.008057
0.779633
0.547506
0.112504
0.519105
0.368661
0.895996
0.602389
0.205436
0.073411
0.258484
0.766745
0.336854
0.259261
0.643592
0.488254
0.112930
0.988639
0.762832
0.366879
0.413677
0.665191
0.120673
0.993899
0.322706
0.348700
0.165401
0.681899
0.052990
0.666757
0.467596
0.364052
0.559451
0.633270
0.628379
0.338480
0.514639
0.735195
0.891162
0.399345
0.910011
0.220464
0.810686
0.361030
0.695241
0.828000
0.730282
0.619828
0.701569
0.475192
0.353592
0.159862
0.054001
0.772332
0.073792
0.334382
0.353033
0.796309
0.194697
0.211354
0.546283
0.129887
0.674085
0.782160
0.108209
0.073873
0.487085
0.253027
0.133268
0.500010
0.223199
0.594761
0.533219
0.791623
0.855859
0.220257
0.318878
0.061955
0.002379
0.512321
0.437267
0.435360
0.553264
0.618227
0.418859
0.010162
0.155086
0.911087
0.796797
0.073540
0.037144
0.786659
0.380454
0.846440
0.120899
0.391319
0.530612
0.576023
0.516525
0.960574
0.199480
0.305693
0.786694
0.629869
0.021367
0.482847
0.037794
0.007728
0.528193
0.889344
0.081578
0.632620
0.000356
0.230809
0.148066
0.594344
0.255232
0.935967
0.774665
0.127091
0.958786
0.094283
0.229970
0.535351
0.186787
0.533990
0.332204
0.006065
0.815099
0.283517
0.923208
0.011358
0.184743
0.721235
0.947132
0.345705
0.126032
0.260962
0.311265
0.677517
0.593965
0.896747
0.028448
0.636633
0.097180
0.031007
0.045866
0.791623
0.477714
0.080003
0.841886
0.168947
0.891628
0.275514
0.865433
0.059795
0.858937
0.353857
0.336911
0.225199
0.607712
0.145999
0.232949
0.909004
0.006221
0.880113
0.707125
0.578922
0.846377
0.466278
0.005852
0.485282
0.525340
0.114275
0.072177
0.857893
0.550624
0.801829
0.181437
0.555461
0.076757
0.928051
0.708031
0.641794
0.037966
0.329139
0.481227
0.098118
0.369478
0.788810
0.900229
0.215075
0.990383
0.032246
0.873009
0.354034
0.299431
0.835759
0.659459
0.411732
0.941461
0.553525
0.628494
0.702515
0.388280
0.877697
0.848399
0.083119
0.508167
0.763558
0.310376
0.076262
0.928141
0.678699
0.885584
0.560460
0.145571
0.396807
0.630060
0.714249
0.045866
0.232602
0.388405
0.948006
0.560348
0.410502
0.961730
0.089542
0.994999
0.127947
0.161916
0.039079
0.266452
0.035776
0.141160
0.368207
0.854714
0.248251
0.871124
0.258696
0.298698
0.152368
0.811605
0.087754
0.086754
0.543469
0.616816
0.252450
0.648945
0.167150
0.702704
0.961777
0.488219
0.741313
0.892666
0.944991
0.800860
0.016626
0.505790
0.700849
0.838155
0.652616
0.296765
0.429432
0.150978
0.832337
0.793515
0.999913
0.596012
0.728604
0.309542
0.568958
0.945594
0.265707
0.231909
0.589421
0.911884
0.999755
0.998715
0.740313
0.190155
0.891326
0.593207
0.355361
0.621316
0.120410
0.967010
0.036217
0.273865
0.440995
0.142400
0.322789
0.676679
0.227489
0.571961
0.231456
0.825120
0.545134
0.432890
0.589004
0.524901
0.083580
0.033094
0.280631
0.518814
0.616053
0.550884
0.801137
0.830863
0.123206
0.385194
0.962991
0.733299
0.760797
0.989102
0.649787
0.232472
0.791131
0.458582
0.241597
0.328326
0.511091
0.686999
0.504818
0.388655
0.784784
0.353239
0.071488
0.574668
0.841437
0.862230
0.794564
0.026936
0.049212
0.998215
0.941542
0.338166
0.203676
0.706068
0.919709
0.862988
0.025883
0.000306
0.938582
0.257194
0.334325
0.121000
0.906744
0.223871
0.962332
0.301825
0.819043
0.536677
0.530429
0.573389
0.467249
0.377714
0.473374
0.675840
0.034572
0.062045
0.022607
0.362494
0.699865
0.466729
0.105982
0.263505
0.547432
0.571961
0.305773
0.124489
0.530905
0.880856
0.934628
0.091550
0.739684
0.600300
0.216321
0.647530
0.394941
0.216055
0.662899
0.884290
0.203695
0.422498
0.339367
0.306225
0.188941
0.682813
0.274037
0.755875
0.809116
0.936642
0.237297
0.307186
0.223934
0.268333
0.352387
0.373063
0.012068
0.227021
0.665382
0.073889
0.031903
0.559750
0.073089
0.368872
0.481543
0.967822
0.246909
0.600376
0.032924
0.180941
0.220215
0.021354
0.187624
0.555274
0.333928
0.380114
0.816214
0.053776
0.643706
0.008910
0.444165
0.280206
0.042106
0.064000
0.856723
0.524098
0.338309
0.074738
0.572224
0.093849
0.469680
0.656019
0.059507
0.512502
0.858047
0.246592
0.921457
0.248092
0.795298
0.000292
0.305773
0.747880
0.584733
0.063950
0.244085
0.308336
0.536124
0.371997
0.114036
0.799404
0.522930
0.344055
0.245166
0.794354
0.460130
0.210012
0.922136
0.356395
0.376302
0.730282
0.431192
0.305719
0.140458
0.796065
0.076438
0.737237
0.619066
0.478520
0.761161
0.137917
0.265059
0.763086
0.766166
0.455768
0.605772
0.850191
0.027398
0.092450
0.423847
0.115429
0.434691
0.903525
0.415889
0.109933
0.403300
0.121441
0.989329
0.107345
0.413353
0.615634
0.662249
0.362614
0.804175
0.456762
0.172132
0.404420
0.916011
0.302987
0.623454
0.134600
0.271052
0.321133
0.663204
0.731177
0.316253
0.034182
0.273693
0.740832
0.852350
0.463544
0.224081
0.355243
0.465204
0.000292
0.207387
0.812285
0.332910
0.693382
0.360344
0.265827
0.915987
0.746297
0.174472
0.347331
0.091275
0.427709
0.778064
0.466070
0.107754
0.652425
0.265755
0.496398
0.348933
0.128874
0.485741
0.250929
0.336711
0.792079
0.968877
0.747439
0.761342
0.104823
0.482389
0.737386
0.269738
0.324952
0.559675
0.435159
0.398424
0.041816
0.254976
0.678661
0.727110
0.020510
0.302934
0.153660
0.860648
0.851569
0.983815
0.817529
0.710634
0.547914
0.840924
0.335943
0.115961
0.329419
0.093077
0.513552
0.411602
0.645351
0.674391
0.840185
0.756204
0.877292
0.163749
0.631206
0.359064
0.283744
0.226618
0.283114
0.818303
0.131420
0.874560
0.105245
0.274160
0.965140
0.472746
0.067298
0.207387
0.013181
0.106769
0.631130
0.423123
0.905565
0.772620
0.922813
0.307613
0.923973
0.960347
0.132069
0.088458
0.860984
0.806410
0.386875
0.781733
0.731475
0.608511
0.376517
0.877985
0.340915
0.770749
0.786270
0.529475
0.239528
0.248502
0.617006
0.456214
0.586131
0.360583
0.887150
0.036480
0.957310
0.568058
0.544690
0.027673
0.001611
0.851882
0.975354
0.834165
0.150781
0.453647
0.559788
0.236945
0.596581
0.982264
0.780773
0.596846
0.637780
0.393111
0.036916
0.400204
0.739684
0.027811
0.358559
0.672140
0.707842
0.768334
0.579262
0.911884
0.018196
0.146029
0.615939
0.332712
0.779954
0.522018
0.503884
0.083037
0.481543
0.864047
0.363512
0.240594
0.067298
0.445586
0.577905
0.344634
0.114983
0.305799
0.310860
0.274480
0.079872
0.112693
0.769272
0.156445
0.141592
0.493048
0.035036
0.992195
0.482459
0.410535
0.453271
0.708748
0.585526
0.001919
0.915013
0.436664
0.049094
0.117731
0.810072
0.465654
0.803555
0.928746
0.489211
0.402852
0.734563
0.983710
0.481262
0.670842
0.705501
0.811809
0.560908
0.050933
0.339911
0.809696
0.751554
0.042634
0.817193
0.244422
0.267681
0.350452
0.158177
0.778028
0.055963
0.924572
0.371845
0.325897
0.846946
0.680757
0.423386
0.748800
0.346169
0.509683
0.654604
0.906130
0.508852
0.401065
0.244197
0.017582
0.331809
0.119797
0.914254
0.529659
0.853347
0.125200
0.860740
0.638430
0.939509
0.445586
0.524901
0.906973
0.529769
0.772368
0.074312
0.896774
0.360493
0.793655
0.362404
0.489708
0.646995
0.282863
0.456797
0.223073
0.298698
0.422104
0.640036
0.380732
0.781022
0.396648
0.952669
0.704859
0.998476
0.134973
0.449148
0.225664
0.546023
0.646307
0.894756
0.536640
0.969842
0.756934
0.261388
0.877437
0.321739
0.601363
0.345415
0.707842
0.203189
0.046183
0.989984
0.432557
0.369963
0.699145
0.027887
0.729686
0.775811
0.086970
0.136795
0.252127
0.970475
0.404612
0.397345
0.777671
0.412023
0.747181
0.808979
0.014085
0.598743
0.090152
0.070400
0.738053
0.364562
0.300824
0.380948
0.761815
0.655063
0.247273
0.091383
0.493048
0.818371
0.775310
0.939509
0.022640
0.069950
0.539220
0.168346
0.420660
0.894729
0.479328
0.185031
0.245076
0.418401
0.991766
0.999552
0.127131
0.252588
0.212501
0.866393
0.131947
0.528230
0.492087
0.537598
0.860770
0.062010
0.736458
0.734675
0.610072
0.962442
0.822591
0.700547
0.236726
0.994019
0.200306
0.388155
0.373398
0.308791
0.616892
0.809423
0.035960
0.923996
0.623492
0.554306
0.355686
0.100477
0.041999
0.391476
0.455597
0.993263
0.244580
0.044121
0.817226
0.570835
0.842845
0.980476
0.004600
0.129820
0.248024
0.143067
0.697971
0.721572
0.928924
0.314485
0.943736
0.176595
0.993883
0.193179
0.479047
0.729089
0.175729
0.105267
0.668781
0.780061
0.811979
0.061582
0.957496
0.063283
0.028290
0.791096
0.187023
0.496648
0.299615
0.937709
0.024816
0.430395
0.267705
0.598364
0.287392
0.957901
0.837056
0.978771
0.834881
0.732071
0.863835
0.254349
0.571736
0.058889
0.011682
0.184743
0.055561
0.374405
0.307747
0.179617
0.518923
0.802451
0.587529
0.040321
0.358856
0.921292
0.644777
0.229562
0.183755
0.436497
0.669010
0.663051
0.391759
0.636136
0.523368
0.732964
0.555461
0.283618
0.337424
0.481016
0.236023
0.909533
0.957293
0.566933
0.438642
0.794389
0.626622
0.283517
0.146547
0.841373
0.638927
0.697592
0.458238
0.411537
0.652310
0.145600
0.518232
0.209532
0.317045
0.516997
0.892775
0.961491
0.801587
0.380732
0.923440
0.371268
0.907559
0.063283
0.264197
0.133624
0.600946
0.364142
0.178512
0.021161
0.661561
0.292928
0.101024
0.675954
0.934905
0.042762
0.349751
0.660720
0.139005
0.573991
0.541620
0.062045
0.641565
0.347099
0.967243
0.676679
0.576888
0.710332
0.076103
0.221047
0.515836
0.338509
0.617311
0.494472
0.430030
0.348146
0.048030
0.391225
0.757518
0.071449
0.440457
0.905488
0.859182
0.428338
0.336683
0.040597
0.963659
0.658160
0.152475
0.257522
0.621049
0.406570
0.765116
0.617883
0.207031
0.519214
0.572074
0.738165
0.614719
0.092499
0.813609
0.369932
0.002448
0.846218
0.971356
0.142632
0.878360
0.584619
0.776777
0.741941
0.869644
0.536051
0.193142
0.546246
0.019437
0.597681
0.990739
0.073638
0.264197
0.030883
0.212521
0.382927
0.571548
0.342930
0.059015
0.427147
0.900150
0.675077
0.581034
0.335261
0.347477
0.271588
0.270200
0.758284
0.796971
0.579714
0.520270
0.800098
0.772117
0.821789
0.317920
0.699562
0.087083
0.247409
0.568695
0.148351
0.685515
0.091954
0.137678
0.358886
0.212844
0.499258
0.435727
0.460371
0.628417
0.811571
0.874268
0.186660
0.721497
0.835629
0.213917
0.782124
0.987866
0.600984
0.386034
0.392104
0.060185
0.713873
0.651890
0.527717
0.504854
0.962913
0.310645
0.886004
0.868306
0.907661
0.227809
0.885612
0.020466
0.193347
0.193609
0.902563
0.331190
0.710784
0.815573
0.197381
0.142922
0.794354
0.556877
0.091118
0.370023
0.073638
0.706710
0.343160
0.329223
0.399600
0.662173
0.604175
0.875202
0.290176
0.444199
0.803072
0.550141
0.713910
0.568133
0.943952
0.994624
0.114455
0.579978
0.173239
0.950873
0.176404
0.384696
0.116557
0.789901
0.368963
0.285564
0.515001
0.200922
0.742163
0.646001
0.020305
0.779099
0.076866
0.459682
0.270979
0.424670
0.420299
0.207387
0.013363
0.253861
0.040461
0.407278
0.634990
0.556989
0.127393
0.655101
0.727708
0.179441
0.603073
0.432457
0.268478
0.142314
0.126619
0.509033
0.357195
0.169483
0.040475
0.609539
0.654643
0.028961
0.371876
0.019039
0.209353
0.852693
0.342757
0.504207
0.009128
0.284299
0.490986
0.331049
0.609044
0.501335
0.398932
0.896694
0.886760
0.706710
0.868187
0.781129
0.045203
0.779776
0.548359
0.464235
0.724119
0.987747
0.907636
0.225939
0.266139
0.551702
0.252727
0.720072
0.009839
0.265131
0.606723
0.897763
0.503524
0.659689
0.284754
0.381597
0.200826
0.717745
0.578320
0.126214
0.094293
0.171708
0.002597
0.994157
0.509683
0.255675
0.311750
0.534910
0.321877
0.192359
0.348059
0.460095
0.692091
0.523550
0.595443
0.568508
0.231218
0.451633
0.027408
0.664198
0.580242
0.131069
0.367935
0.770821
0.458822
0.681709
0.452691
0.811673
0.850599
0.776098
0.519505
0.854652
0.645810
0.333051
0.158288
0.587151
0.087602
0.719247
0.253097
0.049083
0.169785
0.588588
0.232255
0.070423
0.906846
0.062232
0.886760
0.770857
0.709012
0.145763
0.224376
0.112410
0.571135
0.384976
0.060057
0.802071
0.407471
0.765551
0.387530
0.595557
0.230271
0.292386
0.010703
0.134932
0.438508
0.496256
0.591199
0.664503
0.329671
0.822424
0.554418
0.555722
0.155491
0.942385
0.699259
0.016596
0.243635
0.044162
0.611824
0.548730
0.944385
0.928790
0.980518
0.964412
0.352005
0.161868
0.215891
0.693951
0.140343
0.605962
0.248069
0.385536
0.366517
0.198868
0.986127
0.008591
0.369447
0.583147
0.987003
0.845552
0.637933
0.968736
0.195695
0.832860
0.041489
0.762215
0.757299
0.258484
0.779134
0.671338
0.095983
0.436330
0.141405
0.575985
0.055248
0.202703
0.242670
0.284350
0.054007
0.061596
0.130638
0.770857
0.064515
0.550401
0.120937
0.444571
0.337281
0.924894
0.338852
0.582807
0.838736
0.695507
0.744269
0.246887
0.738090
0.402565
0.748837
0.771397
0.882224
0.010334
0.020535
0.498113
0.389437
0.920467
0.144982
0.094718
0.174798
0.346721
0.402501
0.654184
0.198219
0.213937
0.852319
0.599579
0.245912
0.741276
0.825684
0.598554
0.237650
0.582694
0.098192
0.629563
0.031356
0.287316
0.098391
0.125084
0.278089
0.282410
0.891408
0.479082
0.515400
0.802693
0.676259
0.068222
0.949003
0.615939
0.294998
0.415530
0.114191
0.483870
0.517542
0.156069
0.886228
0.683955
0.629411
0.221505
0.136348
0.248343
0.005634
0.730133
0.388686
0.965606
0.043108
0.621393
0.130638
