0.770821
0.827702
0.950616
0.782479
0.747770
0.520379
0.877292
0.195073
0.077848
0.160566
0.630748
0.948647
0.129513
0.944012
0.388749
0.567983
0.308711
0.452247
0.979961
0.385878
0.109887
0.752398
0.688520
0.982880
0.445349
0.682432
0.022458
0.479188
0.396648
0.053533
0.470585
0.389124
0.993762
0.717933
0.451531
0.015920
0.109552
0.524171
0.001406
0.641068
0.596695
0.848525
0.704821
0.548582
0.985134
0.391602
0.720185
0.850881
0.049815
0.393489
0.370326
0.153121
0.455631
0.424637
0.873917
0.803555
0.772260
0.935946
0.458685
0.060408
0.286198
0.827405
0.769380
0.374955
0.693192
0.502376
0.025216
0.146043
0.343507
0.862534
0.663472
0.945671
0.490879
0.297574
0.770821
0.578583
0.523003
0.028705
0.236023
0.654604
0.168630
0.792464
0.845520
0.497113
0.565247
0.471247
0.733448
0.544357
0.679956
0.201830
0.811094
0.302722
0.990095
0.885163
0.031768
0.745928
0.098654
0.963085
0.246501
0.683993
0.328746
0.589042
0.124722
0.551330
0.069326
0.858415
0.863624
0.763920
0.615024
0.171708
0.329587
0.069104
0.964228
0.567383
0.842398
0.754778
0.135236
0.148876
0.967374
0.078686
0.580053
0.127065
0.909935
0.964320
0.040564
0.977154
0.087934
0.128741
0.039002
0.929081
0.395699
0.325758
0.893944
0.059154
0.880370
0.374589
0.284198
0.373215
0.597150
0.197286
0.669735
0.453408
0.517905
0.501694
0.367694
0.812625
0.964182
0.271442
0.022447
0.361478
0.723819
0.421939
0.285690
0.717670
0.221047
0.650742
0.918470
0.937376
0.391444
0.047954
0.596922
0.812489
0.253282
0.630022
0.800375
0.939939
0.902432
0.078790
0.630824
0.847578
0.322651
0.002421
0.805208
0.091363
0.720297
0.299877
0.482389
0.922790
0.327851
0.419349
0.560647
0.391759
0.941723
0.444233
0.118507
0.538962
0.476487
0.542138
0.603529
0.427014
0.174902
0.150219
0.313264
0.149117
0.543099
0.168363
0.361956
0.745412
0.445992
0.773302
0.734377
0.043567
0.287825
0.807165
0.690838
0.881370
0.041178
0.123551
0.877726
0.462473
0.531749
0.666719
0.817462
0.010929
0.686885
0.275465
0.438139
0.891052
0.835986
0.674162
0.155600
0.814355
0.022447
0.015464
0.318823
0.074345
0.374283
0.042707
0.719585
0.317427
0.063333
0.280581
0.810242
0.857770
0.111809
0.057665
0.192117
0.516126
0.430096
0.210912
0.299143
0.076916
0.516707
0.079855
0.027258
0.586357
0.181118
0.480347
0.680185
0.132314
0.188483
0.045814
0.019027
0.295907
0.595216
0.532704
0.467908
0.840314
0.964335
0.038063
0.480664
0.295855
0.147275
0.584733
0.529549
0.468429
0.293936
0.038374
0.889786
0.193778
0.490666
0.154915
0.022645
0.521399
0.620515
0.483870
0.843548
0.004910
0.082686
0.140673
0.412056
0.836862
0.359273
0.916011
0.659268
0.934991
0.320334
0.380269
0.389062
0.621584
0.588021
0.668552
0.537414
0.170542
0.939980
0.814355
0.019344
0.336626
0.368842
0.170930
0.022240
0.300140
0.279233
0.116727
0.642483
0.804382
0.916351
0.264796
0.582354
0.122810
0.154667
0.861836
0.183129
0.560385
0.748322
0.165993
0.985824
0.698312
0.200018
0.389093
0.601667
0.023271
0.353827
0.132491
0.926833
0.139232
0.759669
0.785421
0.106061
0.375873
0.216669
0.131298
0.725391
0.113738
0.265851
0.959923
0.269738
0.192415
0.807610
0.249256
0.285893
0.367241
0.109875
0.199768
0.175005
0.763666
0.021940
0.532080
0.306092
0.355863
0.792429
0.858753
0.050586
0.724007
0.273105
0.209792
0.427345
0.497255
0.451906
0.847073
0.806170
0.396458
0.757883
0.891436
0.197666
0.466382
0.492479
0.651890
0.052191
0.949078
0.020552
0.406249
0.948459
0.773840
0.845362
0.893047
0.175453
0.498793
0.572149
0.512828
0.861714
0.666222
0.251182
0.296453
0.151450
0.179441
0.704481
0.308470
0.632391
0.731028
0.419939
0.798884
0.541177
0.884910
0.765080
0.825452
0.973752
0.224819
0.635525
0.266307
0.728604
0.741054
0.331499
0.315981
0.119735
0.719097
0.578244
0.833709
0.597643
0.602693
0.741165
0.704594
0.349488
0.554008
0.897923
0.829450
0.826346
0.017422
0.205201
0.572638
0.104192
0.364292
0.921926
0.347011
0.471107
0.870030
0.460646
0.341490
0.931336
0.412833
0.357313
0.974360
0.239307
0.702704
0.963736
0.109852
0.885976
0.472362
0.811129
0.534763
0.427014
0.175608
0.143067
0.949078
0.899754
0.764428
0.079195
0.746076
0.336057
0.579412
0.895996
0.687455
0.789057
0.900913
0.595367
0.135833
0.417813
0.661523
0.990956
0.366547
0.667673
0.303383
0.491910
0.396807
0.222466
0.385940
0.518305
0.619409
0.134600
0.839477
0.905822
0.831911
0.700017
0.613881
0.838510
0.890722
0.425033
0.953241
0.450986
0.874765
0.142748
0.781520
0.705766
0.842813
0.398360
0.391256
0.541288
0.387218
0.878360
0.918948
0.130867
0.949003
0.531566
0.162855
0.979558
0.532484
0.417388
0.458891
0.891299
0.799855
0.871715
0.980101
0.473514
0.841982
0.439045
0.215320
0.639003
0.997894
0.389187
0.770965
0.382927
0.751885
0.867321
0.943578
0.867381
0.449012
0.190838
0.377714
0.899754
0.862079
0.222340
0.534285
0.736978
0.440692
0.607750
0.181703
0.606267
0.364953
0.240906
0.455426
0.484328
0.205947
0.813236
0.296375
0.767793
0.698236
0.018855
0.758649
0.523222
0.065492
0.596960
0.561244
0.639768
0.501013
0.896560
0.292592
0.040795
0.917149
0.670842
0.402852
0.559153
0.344605
0.571210
0.633423
0.262243
0.547543
0.681214
0.144674
0.474143
0.463509
0.808774
0.200672
0.470655
0.940550
0.879941
0.511778
0.728529
0.134780
0.191375
0.842845
0.461577
0.933727
0.450713
0.477468
0.370994
0.336711
0.311750
0.172540
0.094161
0.862200
0.600756
0.700319
0.809287
0.338194
0.141433
0.723857
0.974511
0.168396
0.864680
0.586395
0.694444
0.377714
0.374803
0.228812
0.375782
0.560198
0.021914
0.257006
0.599427
0.882650
0.307774
0.100210
0.405542
0.839091
0.896238
0.629258
0.155304
0.989452
0.655331
0.643898
0.549658
0.471595
0.361777
0.013344
0.474422
0.786411
0.746444
0.702325
0.932211
0.246887
0.895808
0.507122
0.256048
0.518523
0.848304
0.813474
0.366788
0.845489
0.476172
0.875114
0.391884
0.779348
0.985411
0.433690
0.038409
0.995791
0.114959
0.294220
0.337766
0.440928
0.852319
0.769921
0.866183
0.512068
0.753936
0.621545
0.314457
0.525120
0.880999
0.360672
0.864318
0.422301
0.026650
0.360136
0.873243
0.735641
0.121315
0.665611
0.923926
0.706672
0.066911
0.557324
0.732220
0.019708
0.741830
0.651393
0.374803
0.014649
0.210832
0.569821
0.455220
0.826115
0.613309
0.834230
0.237826
0.421020
0.210351
0.269011
0.234733
0.163456
0.232623
0.704443
0.769525
0.030847
0.011039
0.610643
0.988372
0.033246
0.873478
0.370903
0.394499
0.363242
0.160358
0.497470
0.266524
0.670079
0.652501
0.063262
0.783367
0.624484
0.627539
0.274111
0.568208
0.559377
0.761633
0.391005
0.227064
0.247386
0.815133
0.925535
0.958386
0.773158
0.944071
0.424440
0.432923
0.704330
0.857893
0.637054
0.664274
0.865192
0.387905
0.249119
0.738313
0.033016
0.787224
0.100573
0.571135
0.009924
0.138892
0.136166
0.183057
0.130880
0.743641
0.101929
0.085904
0.123551
0.899859
0.158700
0.978149
0.664045
0.182522
0.558593
0.452111
0.150386
0.116593
0.422104
0.101497
0.156649
0.937793
0.030557
0.676221
0.274676
0.495542
0.073783
0.938540
0.360195
0.545060
0.970049
0.911685
0.028872
0.922043
0.657548
0.038822
0.978331
0.910337
0.771793
0.984022
0.078446
0.135819
0.901097
0.826115
0.236550
0.602465
0.312750
0.803555
0.655331
0.113381
0.571285
0.939775
0.135056
0.217140
0.909180
0.906207
0.460784
0.286299
0.587416
0.292644
0.739980
0.099107
0.253236
0.018666
0.950174
0.908928
0.818169
0.212905
0.180746
0.722696
0.040023
0.870622
0.171878
0.927104
0.908447
0.724867
0.313698
0.173752
0.173307
0.071701
0.446602
0.948138
0.989531
0.789690
0.345039
0.827405
0.871508
0.182522
0.940530
0.780346
0.495970
0.593586
0.580657
0.558929
0.362374
0.483199
0.957327
0.930080
0.529036
0.157309
0.874239
0.370054
0.070477
0.621316
0.153382
0.235170
0.469715
0.325536
0.511815
0.021205
0.342353
0.899886
0.898880
0.940387
0.833807
0.113928
0.178424
0.906462
0.964959
0.584393
0.479328
0.303119
0.870148
0.708559
0.193572
0.656936
0.477047
0.879223
0.610300
0.711726
0.364652
0.061990
0.231348
0.853720
0.403908
0.381535
0.080440
0.544320
0.959382
0.389500
0.675764
0.344055
0.917125
0.766166
0.892257
0.406442
0.563825
0.716505
0.627119
0.910186
0.270054
0.273522
0.537819
0.258931
0.765659
0.722172
0.986485
0.124116
0.497863
0.893047
0.871508
0.610795
0.420955
0.068670
0.050471
0.450304
0.067733
0.213127
0.881854
0.847357
0.637742
0.572826
0.103477
0.845965
0.629029
0.425429
0.870385
0.886899
0.949507
0.469159
0.246637
0.933446
0.614872
0.439549
0.982564
0.453613
0.818740
0.317099
0.331950
0.247227
0.812625
0.868127
0.755729
0.959217
0.864439
0.462853
0.896345
0.311858
0.463199
0.309355
0.008677
0.048449
0.408695
0.672140
0.153753
0.609197
0.145969
0.860007
0.082140
0.759232
0.567495
0.397599
0.590442
0.173495
0.497184
0.910086
0.861288
0.916932
0.637895
0.899278
0.742902
0.749351
0.412185
0.867052
0.764210
0.432024
0.019222
0.453544
0.921081
0.963272
0.551776
0.228556
0.023961
0.154310
0.465412
0.610795
0.794913
0.470167
0.997158
0.734563
0.955302
0.163082
0.906565
0.465862
0.909029
0.614491
0.345299
0.095881
0.057762
0.682394
0.050374
0.156508
0.364052
0.928500
0.089263
0.333957
0.068480
0.974423
0.165007
0.557884
0.236221
0.242022
0.209114
0.419939
0.941804
0.517070
0.179020
0.922697
0.818640
0.914426
0.947684
0.685896
0.201115
0.421907
0.634110
0.451258
0.638009
0.141996
0.324646
0.694141
0.726998
0.187697
0.682585
0.064890
0.008061
0.654184
0.600870
0.291202
0.780203
0.055755
0.228065
0.927014
0.845996
0.546246
0.261388
0.050644
0.285767
0.797876
0.761779
0.274185
0.928589
0.449386
0.347418
0.285767
0.852256
0.135569
0.918876
0.832010
0.448231
0.568470
0.708899
0.209572
0.046040
0.172455
0.217140
0.908928
0.093207
0.306652
0.381658
0.425099
0.004265
0.943082
0.286883
0.252796
0.341145
0.131217
0.250975
0.004028
0.844949
0.368872
0.736792
0.444537
0.664732
0.679461
0.136669
0.683917
0.321298
0.273154
0.037728
0.680566
0.594192
0.225241
0.304205
0.269471
0.001319
0.888929
0.740832
0.801068
0.871243
0.344142
0.876075
0.968651
0.884572
0.750637
0.031541
0.179125
0.450679
0.364382
0.401033
0.286375
0.127459
0.249943
0.864258
0.891764
0.964381
0.745338
0.268212
0.122276
0.026924
0.979239
0.243905
0.242693
0.914230
0.030705
0.028695
0.557735
0.403556
0.783118
0.121441
0.911511
0.228663
0.684183
0.574254
0.568470
0.970146
0.847010
0.911486
0.964625
0.006968
0.723857
0.159974
0.319674
0.792184
0.346140
0.714174
0.167382
0.871803
0.337281
0.209194
0.098896
0.890557
0.734824
0.720522
0.673857
0.793865
0.591086
0.434357
0.831748
0.937480
0.948891
0.845584
0.255162
0.992880
0.730394
0.812897
0.913640
0.042242
0.728380
0.350657
0.566296
0.999256
0.299799
0.659803
0.288564
0.945865
0.560647
0.389563
0.183558
0.927398
0.110734
0.546728
0.075216
0.626775
0.924894
0.988510
0.740313
0.762650
0.359659
0.821990
0.228214
0.179160
0.249302
0.488644
0.104479
0.653343
0.344778
0.868217
0.649939
0.350335
0.966981
0.771253
0.274209
0.268333
0.394909
0.060591
0.467492
0.574254
0.355361
0.508059
0.719022
0.093879
0.596581
0.135277
0.163472
0.816349
0.890420
0.578244
0.519906
0.064429
0.413580
0.108346
0.538593
0.083580
0.997662
0.708673
0.795751
0.529255
0.323121
0.355420
0.470829
0.168263
0.992195
0.488537
0.520779
0.339252
0.344113
0.167614
0.213653
0.046299
0.915501
0.800722
0.449760
0.799994
0.787047
0.505034
0.243455
0.733113
0.411246
0.800583
0.322457
0.746444
0.118791
0.536787
0.469959
0.276799
0.446467
0.060509
0.814761
0.329615
0.433957
0.746960
0.183863
0.538962
0.962552
0.382122
0.938063
0.378082
0.561506
0.625515
0.342930
0.645389
0.683003
0.237099
0.204066
0.962458
0.951730
0.278660
0.147141
0.765514
0.201019
0.415498
0.355361
0.492407
0.975293
0.402277
0.631818
0.960671
0.499258
0.738498
0.797180
0.807371
0.283366
0.427378
0.962190
0.078463
0.109794
0.958236
0.567383
0.779027
0.063051
0.476872
0.540069
0.404132
0.805208
0.342497
0.285995
0.733894
0.305693
0.378913
0.677899
0.970461
0.206933
0.535241
0.849500
0.950561
0.236638
0.924411
0.785598
0.793270
0.382618
0.806067
0.154310
0.662173
0.179459
0.448332
0.216177
0.590707
0.020752
0.317920
0.242335
0.946000
0.754778
0.299327
0.077805
0.527827
0.859028
0.752581
0.015136
0.982633
0.037248
0.499508
0.863654
0.260607
0.715528
0.552743
0.358114
0.622652
0.392860
0.746592
0.496827
0.371784
0.515291
0.351507
0.437904
0.415498
0.564424
0.362614
0.701342
0.211494
0.531639
0.931971
0.834263
0.051579
0.430827
0.264484
0.748726
0.626775
0.682737
0.981461
0.072384
0.677899
0.465031
0.560236
0.568208
0.602465
0.096963
0.454057
0.928947
0.455768
0.834556
0.711726
0.937229
0.674047
0.685515
0.709201
0.656936
0.310026
0.612128
0.891792
0.897496
0.485529
0.996098
0.096590
0.258884
0.922487
0.642789
0.752691
0.352328
0.754412
0.617921
0.128264
0.348612
0.748653
0.956458
0.731698
0.636060
0.727558
0.604708
0.234689
0.424769
0.958753
0.687645
0.531162
0.461508
0.966467
0.668361
0.889289
0.077195
0.104137
0.556728
0.404965
0.119723
0.044564
0.022469
0.600718
0.507050
0.142531
0.286045
0.363992
0.564424
0.191356
0.134683
0.406538
0.348962
0.733745
0.614529
0.507230
0.491590
0.101153
0.059414
0.098548
0.804279
0.660759
0.216976
0.931774
0.802105
0.262576
0.866933
0.357847
0.194509
0.672636
0.523514
0.259332
0.813745
0.819546
0.373825
0.288794
0.799543
0.607674
0.388937
0.581373
0.570647
0.531970
0.884177
0.140558
0.082166
0.720035
0.986349
0.833611
0.344691
0.503560
0.927511
0.353621
0.932036
0.935097
0.802140
0.245663
0.188245
0.933511
0.394404
0.243231
0.230916
0.889620
0.368147
0.639844
0.061458
0.748579
0.754705
0.873771
0.518451
0.648066
0.496541
0.800583
0.283568
0.756606
0.108770
0.966231
0.374619
0.000813
0.015955
0.648639
0.409146
0.363992
