0.024418
0.260134
0.279856
0.870415
0.013295
0.540918
0.586282
0.579714
0.397884
0.322651
0.884572
0.547914
0.565921
0.739869
0.732517
0.330121
0.397884
0.128238
0.076992
0.959018
0.785421
0.409243
0.372362
0.460508
0.346837
0.486873
0.415726
0.172898
0.043627
0.739128
0.052697
0.404965
0.610491
0.055285
0.820585
0.506293
0.284375
0.703044
0.974835
0.599009
0.998314
0.943042
0.004614
0.796065
0.034419
0.143082
0.916714
0.564835
0.468116
0.033071
0.123602
0.111165
0.697023
0.009745
0.612928
0.455837
0.636480
0.213856
0.637589
0.105870
0.685249
0.289971
0.292180
0.376149
0.283568
0.718384
0.344894
0.535425
0.021753
0.265827
0.402533
0.500905
0.250677
0.018138
0.024418
0.363482
0.114131
0.009899
0.448604
0.626202
0.659918
0.732443
0.608968
0.431159
0.123449
0.551739
0.013846
0.887401
0.097544
0.512285
0.105557
0.912405
0.738239
0.059474
0.387125
0.170744
0.912306
0.151054
0.883131
0.345531
0.931380
0.938188
0.706521
0.162725
0.895107
0.733820
0.964822
0.715641
0.798293
0.065375
0.077254
0.052417
0.536456
0.145394
0.243096
0.555349
0.025264
0.623148
0.036234
0.539368
0.747880
0.401830
0.912257
0.856939
0.250975
0.280931
0.635792
0.706219
0.611671
0.933317
0.061020
0.745117
0.006783
0.410341
0.390628
0.007263
0.595102
0.212642
0.503524
0.690040
0.072328
0.909130
0.655140
0.751774
0.040951
0.154527
0.208219
0.018138
0.311723
0.673780
0.526802
0.427444
0.937313
0.554641
0.971758
0.654337
0.490275
0.713270
0.713797
0.503129
0.305613
0.240884
0.579488
0.826181
0.857278
0.105658
0.487262
0.563862
0.752398
0.432190
0.111622
0.273841
0.737942
0.299117
0.110327
0.353004
0.017019
0.402213
0.428902
0.378759
0.498185
0.109736
0.293212
0.171031
0.851882
0.189455
0.986779
0.592866
0.129807
0.403684
0.280756
0.433790
0.985017
0.297731
0.319180
0.586206
0.783047
0.002352
0.183970
0.618417
0.826942
0.400204
0.950008
0.691863
0.379991
0.108609
0.224481
0.122632
0.034710
0.174163
0.982093
0.166951
0.804520
0.070547
0.648180
0.369387
0.829219
0.683803
0.176456
0.120849
0.275416
0.126659
0.311723
0.570009
0.120962
0.623225
0.935946
0.957055
0.075257
0.468325
0.708446
0.996434
0.772260
0.438743
0.867471
0.816822
0.161739
0.027427
0.519323
0.304550
0.891847
0.720522
0.834458
0.000131
0.133981
0.100606
0.418728
0.113119
0.253189
0.730058
0.131379
0.953633
0.808295
0.933920
0.831879
0.101292
0.852288
0.285792
0.196205
0.167100
0.045945
0.091589
0.126267
0.336939
0.655751
0.549064
0.046421
0.685629
0.753680
0.258132
0.876539
0.714211
0.669888
0.732592
0.332486
0.527314
0.499473
0.050179
0.112693
0.910837
0.762759
0.896184
0.883414
0.531089
0.894107
0.108369
0.206282
0.602085
0.795716
0.404356
0.529329
0.661026
0.341490
0.963551
0.037501
0.136320
0.121453
0.051124
0.010336
0.206814
0.104313
0.004308
0.525120
0.582316
0.511055
0.663472
0.536272
0.303887
0.273742
0.091020
0.665993
0.426155
0.370205
0.191208
0.175298
0.205770
0.280731
0.520488
0.556989
0.973522
0.881142
0.608283
0.565622
0.989329
0.558630
0.362614
0.464305
0.779277
0.639615
0.614643
0.730245
0.612585
0.915550
0.507807
0.060252
0.749241
0.817765
0.278934
0.701342
0.860496
0.468672
0.280531
0.422794
0.696113
0.944952
0.830600
0.702288
0.701114
0.137102
0.712065
0.879511
0.544838
0.474003
0.924227
0.552632
0.492941
0.156147
0.907585
0.770857
0.027709
0.571623
0.585564
0.924019
0.174472
0.147439
0.474562
0.755838
0.346024
0.580883
0.477118
0.108988
0.265443
0.565472
0.835077
0.208338
0.736421
0.421841
0.701077
0.991424
0.453237
0.217736
0.542914
0.156304
0.091422
0.135582
0.571511
0.811639
0.744601
0.392702
0.587832
0.741941
0.593169
0.169098
0.790358
0.295413
0.811639
0.534211
0.761161
0.335006
0.096467
0.667521
0.622805
0.425792
0.193366
0.831158
0.009768
0.118593
0.063979
0.052744
0.485812
0.903317
0.262338
0.366819
0.180605
0.240995
0.724493
0.972314
0.311049
0.902302
0.506041
0.146132
0.579412
0.657319
0.000040
0.097993
0.343074
0.292180
0.175885
0.798154
0.292077
0.282813
0.164009
0.273571
0.025528
0.436229
0.129300
0.407149
0.139317
0.105568
0.124657
0.958919
0.028685
0.877726
0.477118
0.555237
0.748984
0.366879
0.840185
0.744453
0.166521
0.510911
0.120786
0.360195
0.989006
0.371845
0.609006
0.776956
0.722809
0.953045
0.437267
0.228855
0.492230
0.346924
0.841982
0.613119
0.221442
0.484893
0.551033
0.406442
0.652846
0.420430
0.320692
0.560348
0.532594
0.731437
0.516053
0.899622
0.452384
0.507158
0.453886
0.940489
0.083862
0.060084
0.752398
0.002674
0.294712
0.031884
0.080353
0.319619
0.255488
0.627692
0.343824
0.722134
0.477714
0.005896
0.704670
0.804038
0.522565
0.866753
0.662478
0.970090
0.781520
0.658007
0.107754
0.430827
0.575195
0.450509
0.450747
0.278984
0.316035
0.333957
0.199404
0.056521
0.699524
0.272713
0.861105
0.258202
0.909281
0.555237
0.379590
0.099117
0.611481
0.448536
0.650322
0.677098
0.590140
0.617426
0.011768
0.143839
0.782905
0.895269
0.043342
0.347477
0.092569
0.987961
0.475822
0.135305
0.686048
0.034909
0.711048
0.672140
0.993751
0.982830
0.768948
0.138002
0.604023
0.101067
0.547840
0.287570
0.718308
0.783650
0.872744
0.704481
0.781235
0.998929
0.410115
0.661217
0.123744
0.768081
0.799057
0.930368
0.643247
0.902093
0.055061
0.825286
0.848966
0.413353
0.913123
0.063051
0.132002
0.870770
0.377222
0.984079
0.444909
0.438474
0.031545
0.911212
0.352005
0.547914
0.225009
0.079022
0.243747
0.156476
0.406409
0.176960
0.236440
0.081436
0.241687
0.744084
0.070625
0.923602
0.909281
0.572901
0.964959
0.215748
0.306945
0.786517
0.353504
0.329503
0.537156
0.254813
0.929837
0.297548
0.703611
0.784465
0.580770
0.795437
0.071899
0.721947
0.346053
0.922136
0.694634
0.572826
0.498149
0.659039
0.712254
0.006144
0.406827
0.658924
0.833252
0.069834
0.899674
0.067605
0.348554
0.619943
0.951767
0.983994
0.925192
0.812115
0.585413
0.072416
0.897015
0.389062
0.119511
0.881825
0.512864
0.213431
0.963936
0.528266
0.139645
0.617388
0.201502
0.226151
0.540106
0.312561
0.201077
0.001799
0.409824
0.962237
0.830994
0.020572
0.822724
0.998072
0.614986
0.987874
0.247705
0.476382
0.703687
0.111130
0.806925
0.299589
0.848525
0.070244
0.669621
0.537967
0.582656
0.572901
0.104900
0.811537
0.401862
0.567383
0.182950
0.225220
0.620286
0.524061
0.257897
0.804244
0.128768
0.878648
0.581411
0.578282
0.409888
0.413190
0.961154
0.430362
0.688178
0.008621
0.252219
0.216034
0.681937
0.116544
0.814896
0.813100
0.154062
0.076438
0.922440
0.882195
0.310161
0.605430
0.086324
0.927285
0.316553
0.264748
0.002321
0.087744
0.946424
0.717633
0.119797
0.501407
0.523185
0.299877
0.112539
0.969480
0.757992
0.647110
0.493226
0.394625
0.523222
0.885500
0.983994
0.472851
0.496398
0.700698
0.631015
0.553636
0.958902
0.749645
0.425957
0.789303
0.232147
0.197362
0.671453
0.129914
0.208994
0.116593
0.423254
0.654298
0.209892
0.655904
0.582656
0.095277
0.050776
0.696720
0.612014
0.484328
0.040214
0.783402
0.437904
0.398424
0.902771
0.692926
0.618837
0.306305
0.673208
0.419906
0.374222
0.043894
0.181632
0.676755
0.297235
0.349721
0.900913
0.425132
0.766853
0.859671
0.503991
0.305081
0.456728
0.980058
0.363003
0.265635
0.299248
0.268164
0.081747
0.895781
0.802313
0.464028
0.131622
0.662440
0.222006
0.998509
0.627043
0.667406
0.982811
0.542988
0.344894
0.810788
0.217510
0.670117
0.877783
0.713722
0.583335
0.816349
0.287774
0.936537
0.372667
0.359392
0.009602
0.778242
0.867022
0.671567
0.619447
0.362016
0.303066
0.416312
0.180005
0.065967
0.407728
0.981430
0.411537
0.016667
0.413710
0.148366
0.153784
0.095277
0.149645
0.011466
0.240394
0.515183
0.877466
0.966112
0.393426
0.657242
0.483834
0.518487
0.140486
0.503345
0.435828
0.282737
0.032046
0.841437
0.886368
0.829976
0.524098
0.981233
0.318002
0.041791
0.099181
0.189033
0.351448
0.139687
0.000014
0.274504
0.532594
0.561581
0.047214
0.595026
0.317646
0.246614
0.033571
0.367694
0.044631
0.384696
0.477608
0.559190
0.943419
0.111997
0.592942
0.362315
0.077102
0.280731
0.490844
0.039156
0.168630
0.608816
0.131230
0.809594
0.955336
0.049674
0.496256
0.017409
0.042477
0.240017
0.398043
0.092450
0.456454
0.074231
0.884966
0.132886
0.040354
0.720035
0.050043
0.855890
0.793375
0.154465
0.640762
0.047637
0.153784
0.930566
0.109632
0.124296
0.372028
0.721160
0.241687
0.308068
0.968066
0.495435
0.261412
0.797319
0.871154
0.037192
0.751958
0.197552
0.845742
0.854559
0.668933
0.077212
0.409824
0.857339
0.306279
0.785421
0.703498
0.255861
0.268430
0.118779
0.344952
0.697099
0.877234
0.189529
0.397916
0.470933
0.652654
0.141390
0.219863
0.593093
0.359451
0.853285
0.727969
0.489424
0.463855
0.099255
0.212038
0.458032
0.540549
0.877263
0.113381
0.493439
0.467075
0.768045
0.775418
0.054597
0.878158
0.167614
0.308738
0.209453
0.023792
0.229777
0.208975
0.081570
0.098654
0.158542
0.168947
0.403812
0.066438
0.486661
0.007700
0.282963
0.337595
0.239839
0.042477
0.873771
0.341519
0.930566
0.781378
0.222822
0.692129
0.922277
0.981129
0.515328
0.959233
0.752068
0.739128
0.119312
0.881170
0.565322
0.153429
0.747181
0.578546
0.062749
0.998688
0.654681
0.168046
0.318412
0.621240
0.529329
0.515328
0.563451
0.963504
0.567720
0.078979
0.305134
0.426750
0.665114
0.707767
0.079282
0.437234
0.959151
0.140601
0.588966
0.130571
0.585224
0.750563
0.025057
0.812217
0.455871
0.566821
0.812319
0.696948
0.952453
0.685782
0.018711
0.559115
0.245912
0.335943
0.341547
0.587983
0.086314
0.558071
0.115707
0.820853
0.960428
0.522492
0.830633
0.346227
0.487015
0.585753
0.958052
0.048223
0.793935
0.876597
0.677784
0.459166
0.881825
0.416019
0.634798
0.341519
0.189400
0.504854
0.734898
0.275687
0.126423
0.961984
0.359659
0.671491
0.794844
0.228492
0.483305
0.555833
0.793270
0.961730
0.442612
0.926402
0.568208
0.560012
0.371876
0.040111
0.608359
0.042757
0.649595
0.584015
0.758248
0.320995
0.382370
0.452145
0.267512
0.927082
0.352475
0.479363
0.630901
0.442579
0.514385
0.354151
0.037331
0.028576
0.295595
0.767287
0.150841
0.756240
0.207209
0.456248
0.672636
0.527351
0.222131
0.932711
0.602579
0.348059
0.208001
0.107743
0.166191
0.776634
0.606761
0.069718
0.235126
0.925032
0.370205
0.490275
0.312561
0.050909
0.017144
0.474038
0.516235
0.030622
0.438877
0.904328
0.462128
0.456694
0.970816
0.720147
0.496470
0.502196
0.189400
0.883018
0.439347
0.148561
0.592980
0.701001
0.181827
0.704708
0.969883
0.704065
0.433857
0.359868
0.256726
0.372149
0.740017
0.701304
0.906922
0.624675
0.784678
0.043142
0.981820
0.534836
0.034633
0.636136
0.043808
0.763267
0.418859
0.247773
0.946558
0.110234
0.082166
0.439986
0.449386
0.960298
0.421053
0.045209
0.707352
0.591389
0.968693
0.482988
0.074043
0.906258
0.132287
0.645580
0.477994
0.063900
0.127538
0.869140
0.587794
0.028414
0.470063
0.400077
0.020259
0.207961
0.784536
0.382618
0.426849
0.274037
0.697857
0.609082
0.811469
0.969897
0.434224
0.338194
0.371906
0.748689
0.974548
0.654298
0.768695
0.016861
0.615824
0.122162
0.348641
0.502196
0.358233
0.621202
0.446704
0.846567
0.711010
0.113024
0.014179
0.716731
0.621087
0.173171
0.129553
0.066253
0.806994
0.724605
0.947551
0.772152
0.046528
0.095369
0.761197
0.385194
0.648907
0.218416
0.611938
0.780310
0.737089
0.785740
0.567233
0.467561
0.786376
0.636022
0.052091
0.319977
0.031567
0.043058
0.826578
0.543284
0.364202
0.166158
0.285513
0.208776
0.251666
0.619943
0.703611
0.584997
0.752581
0.819714
0.116459
0.201676
0.244377
0.259520
0.738684
0.384945
0.925992
0.680604
0.198028
0.469680
0.297626
0.257803
0.647377
0.115357
0.563750
0.276972
0.522310
0.029788
0.522128
0.321464
0.875056
0.311507
0.766021
0.192452
0.163423
0.042038
0.705841
0.426353
0.358233
0.387655
0.705426
0.942345
0.791623
0.273301
0.345386
0.693989
0.506618
0.120285
0.266716
0.743161
0.086970
0.690648
0.044116
0.578207
0.670231
0.236199
0.792394
0.065158
0.869288
0.720710
0.502447
0.375261
0.088219
0.128436
0.457140
0.669048
0.917630
0.276502
0.802865
0.881256
0.658083
0.412833
0.786341
0.659383
0.283492
0.743309
0.481438
0.141750
0.600072
0.953473
0.520816
0.606305
0.333362
0.446263
0.391570
0.725653
0.368026
0.013742
0.786976
0.599161
0.811809
0.083607
0.980412
0.680490
0.347447
0.714136
0.578998
0.829055
0.866393
0.112398
0.732890
0.015411
0.816889
0.515255
0.730618
0.211193
0.802347
0.446704
0.738721
0.957310
0.965441
0.426353
0.760360
0.351858
0.740276
0.176110
0.341893
0.510694
0.827504
0.785633
0.025093
0.411279
0.323315
0.463164
0.617960
0.762251
0.636060
0.108598
0.092123
0.896640
0.780737
0.246161
0.246614
0.264796
0.020908
0.956029
0.790147
0.860679
0.277815
0.159288
0.474248
0.228001
0.190302
0.995923
0.132995
0.976060
0.727409
0.013328
0.225156
0.599123
0.022174
0.013414
0.591843
0.449216
0.525303
0.823391
0.633040
0.105926
0.656592
0.156100
0.045323
0.304019
0.626622
0.131204
0.592866
0.613957
0.820552
0.880799
0.734006
0.675611
0.502734
0.364592
0.350569
0.811163
0.461094
0.012365
0.293936
0.111845
0.609806
0.589572
0.463648
0.531162
0.015197
0.978046
0.001431
0.779776
0.760360
0.356454
0.164516
0.267512
0.384199
0.939283
0.907864
0.144351
0.728492
0.641106
0.785704
0.711990
0.613805
0.302749
0.756861
0.810720
0.397694
0.019304
0.075754
0.938582
0.761670
0.614033
0.249782
0.436463
0.912008
0.376670
0.024774
0.282813
0.974108
0.333843
0.458032
0.478836
0.995939
0.753424
0.498077
0.020122
0.918374
0.395699
0.684069
0.554046
0.557399
0.260181
0.797493
0.809765
0.051345
0.073816
0.531566
0.950266
0.509755
0.808056
0.679499
0.581675
0.321601
0.090395
0.339825
0.651354
0.428603
0.018953
0.567758
0.219386
0.183307
0.995954
0.033606
0.584430
0.747475
0.298384
0.524865
0.723370
0.112953
0.509502
0.505466
0.055410
0.240862
0.766383
