0.224271
0.641106
0.958969
0.857093
0.458135
0.142371
0.648142
0.277964
0.417193
0.257522
0.373124
0.021105
0.255116
0.202237
0.724418
0.440961
0.568658
0.844089
0.345473
0.450168
0.734638
0.224629
0.456831
0.912232
0.955649
0.184689
0.582845
0.979841
0.341490
0.392230
0.439414
0.854900
0.854186
0.642215
0.343362
0.722846
0.683041
0.174094
0.345618
0.460922
0.321822
0.272370
0.064100
0.584053
0.892284
0.865282
0.178144
0.561955
0.735641
0.012589
0.544283
0.154946
0.608321
0.640189
0.580845
0.518051
0.579488
0.241687
0.957951
0.606191
0.598554
0.798953
0.980155
0.669315
0.442478
0.111153
0.552446
0.031044
0.202936
0.953792
0.825617
0.786517
0.278586
0.478591
0.224271
0.664045
0.828000
0.848997
0.298698
0.830074
0.037948
0.694331
0.599465
0.803383
0.223724
0.005020
0.084841
0.961809
0.231542
0.467769
0.127091
0.417813
0.966201
0.488360
0.186442
0.088105
0.085394
0.584544
0.793620
0.897709
0.952597
0.722883
0.585979
0.212058
0.972340
0.042550
0.104878
0.821589
0.821154
0.827504
0.245121
0.905617
0.691597
0.936642
0.218312
0.711463
0.271149
0.663472
0.808671
0.670995
0.647033
0.734638
0.506690
0.171285
0.913468
0.657854
0.649289
0.366246
0.616854
0.486059
0.183594
0.379406
0.055111
0.942004
0.635104
0.263004
0.940061
0.128291
0.453886
0.621965
0.109748
0.423320
0.678585
0.169433
0.926651
0.275391
0.709465
0.478591
0.773194
0.993455
0.340083
0.030496
0.209293
0.583486
0.268115
0.445451
0.770821
0.494686
0.592070
0.730431
0.977388
0.365825
0.020399
0.126868
0.558630
0.968736
0.871272
0.112433
0.639080
0.517833
0.010605
0.888152
0.675039
0.606229
0.770569
0.101529
0.125824
0.808329
0.678737
0.331499
0.138750
0.747107
0.179828
0.912033
0.085246
0.977539
0.688634
0.297417
0.306199
0.051368
0.627730
0.524974
0.571886
0.765587
0.710332
0.860618
0.555014
0.290791
0.438374
0.869347
0.525413
0.242514
0.092172
0.460026
0.603187
0.188648
0.273080
0.414977
0.368691
0.224186
0.747586
0.756642
0.993964
0.237848
0.824489
0.919781
0.944561
0.731400
0.307052
0.158257
0.533917
0.906871
0.773194
0.474562
0.020842
0.350218
0.896881
0.065063
0.274923
0.738053
0.827834
0.038615
0.112339
0.096117
0.969102
0.832795
0.066667
0.272811
0.999779
0.156194
0.398773
0.323592
0.440221
0.075464
0.840089
0.856199
0.951875
0.714512
0.683346
0.013985
0.636289
0.247728
0.679575
0.086091
0.326037
0.977096
0.369024
0.303357
0.313508
0.117571
0.187770
0.235301
0.379621
0.094880
0.350716
0.929303
0.767793
0.995763
0.671033
0.271247
0.792044
0.634378
0.978069
0.467630
0.280231
0.686809
0.077263
0.194866
0.466555
0.039613
0.756606
0.806342
0.372758
0.853409
0.257569
0.539737
0.583071
0.257451
0.506473
0.587643
0.873038
0.575157
0.372362
0.791763
0.942604
0.906871
0.391507
0.108095
0.455460
0.020963
0.465931
0.078335
0.739906
0.780986
0.347128
0.283946
0.977002
0.295205
0.224692
0.853067
0.307399
0.420430
0.610453
0.847957
0.267874
0.397694
0.451804
0.192024
0.536972
0.682699
0.769380
0.428736
0.334382
0.319784
0.855426
0.122289
0.588172
0.157420
0.421611
0.761561
0.217880
0.770893
0.403076
0.019610
0.848273
0.596998
0.979569
0.064314
0.037488
0.256726
0.661905
0.975354
0.437167
0.804244
0.140873
0.659230
0.697706
0.078540
0.604175
0.296974
0.580279
0.902849
0.454262
0.992330
0.268357
0.604860
0.217243
0.983182
0.023134
0.221547
0.652769
0.685249
0.805586
0.525851
0.511381
0.049105
0.986645
0.489176
0.769489
0.977271
0.422728
0.772368
0.798502
0.536751
0.706068
0.288309
0.088401
0.702741
0.785138
0.786765
0.487864
0.606571
0.037045
0.661294
0.687683
0.866063
0.251988
0.603149
0.946960
0.694786
0.322872
0.840796
0.170424
0.131731
0.929925
0.755583
0.069449
0.321960
0.324757
0.233057
0.099138
0.083553
0.289126
0.569708
0.852849
0.667406
0.372819
0.624446
0.534432
0.222173
0.015887
0.793305
0.299668
0.686580
0.743752
0.370842
0.194265
0.359600
0.034934
0.487510
0.474807
0.173444
0.882195
0.097930
0.483975
0.000183
0.029250
0.757080
0.556802
0.227021
0.245460
0.203383
0.544801
0.552408
0.047101
0.923069
0.248388
0.819848
0.949525
0.752434
0.401479
0.260205
0.339710
0.977271
0.314403
0.617159
0.829779
0.824389
0.545468
0.918254
0.959414
0.895808
0.061211
0.393773
0.766708
0.688900
0.286502
0.675725
0.226681
0.862625
0.547692
0.833774
0.327795
0.560161
0.997465
0.905154
0.816046
0.192452
0.581713
0.367996
0.054609
0.091658
0.981337
0.109482
0.870504
0.081312
0.686733
0.171861
0.343305
0.585148
0.361000
0.548100
0.931905
0.849783
0.650972
0.806994
0.169634
0.121012
0.625057
0.847736
0.414489
0.513842
0.284375
0.564498
0.461921
0.083835
0.880256
0.332543
0.231736
0.120849
0.536972
0.654948
0.508492
0.628417
0.679614
0.992625
0.690078
0.057620
0.404997
0.764537
0.935649
0.635219
0.536972
0.129727
0.041436
0.843260
0.094303
0.370266
0.314403
0.676107
0.021341
0.846123
0.050581
0.024979
0.690306
0.292773
0.052607
0.610034
0.840988
0.903655
0.489992
0.589042
0.206716
0.059487
0.983834
0.324813
0.931577
0.280481
0.908801
0.360225
0.366186
0.428140
0.099107
0.763884
0.657013
0.152751
0.148007
0.665305
0.901307
0.162563
0.603643
0.244400
0.180605
0.155040
0.757482
0.075439
0.383268
0.187242
0.509430
0.191467
0.145822
0.199691
0.185266
0.502232
0.219552
0.050408
0.410373
0.897175
0.966053
0.005559
0.016108
0.921856
0.775167
0.981748
0.495756
0.135680
0.726886
0.464720
0.910387
0.969536
0.297443
0.674009
0.628303
0.068343
0.101735
0.694976
0.634798
0.535572
0.746076
0.139175
0.946366
0.370266
0.308684
0.877639
0.636404
0.877523
0.446772
0.687189
0.977260
0.045048
0.482283
0.670651
0.812183
0.940936
0.929459
0.489956
0.930941
0.278287
0.514639
0.363692
0.698577
0.346314
0.235651
0.520525
0.345676
0.128954
0.263481
0.756496
0.826048
0.360344
0.057122
0.202547
0.393395
0.694482
0.369114
0.579337
0.577642
0.412023
0.386688
0.740980
0.013685
0.332204
0.469576
0.884036
0.223052
0.383392
0.354889
0.073000
0.995390
0.209592
0.758357
0.034889
0.175488
0.321877
0.031623
0.975416
0.295024
0.077729
0.122467
0.885612
0.703195
0.029686
0.315790
0.114971
0.693951
0.998935
0.533476
0.789725
0.306252
0.423123
0.722247
0.162110
0.811945
0.749719
0.567383
0.733894
0.308684
0.102799
0.883980
0.584393
0.621164
0.573164
0.599009
0.819949
0.109103
0.786588
0.270224
0.609501
0.301640
0.173683
0.936305
0.621087
0.184671
0.742570
0.830107
0.276206
0.909331
0.430760
0.833741
0.889979
0.048388
0.927443
0.664618
0.771613
0.870888
0.491696
0.289536
0.890695
0.244220
0.180622
0.409049
0.411149
0.418041
0.545320
0.967851
0.130961
0.040541
0.368268
0.093167
0.589837
0.822023
0.576512
0.885415
0.123487
0.767576
0.954726
0.425363
0.572037
0.716092
0.959513
0.952938
0.690116
0.208497
0.468499
0.712480
0.862382
0.988790
0.239240
0.357639
0.886368
0.951093
0.054166
0.707654
0.484152
0.314702
0.186297
0.969759
0.013033
0.897229
0.733894
0.237914
0.762796
0.833643
0.948176
0.716731
0.100573
0.663625
0.858845
0.786164
0.662325
0.893537
0.673399
0.523222
0.647913
0.660185
0.638774
0.597264
0.340456
0.241129
0.733150
0.110176
0.086417
0.729201
0.775955
0.303913
0.899039
0.321105
0.834230
0.502376
0.846630
0.351536
0.297339
0.541509
0.688634
0.536309
0.513987
0.815877
0.130182
0.307720
0.060091
0.930102
0.009468
0.054881
0.859702
0.597719
0.757919
0.322540
0.579978
0.307693
0.375292
0.628456
0.042974
0.284148
0.764355
0.985393
0.916617
0.281407
0.575496
0.132927
0.723033
0.400045
0.258625
0.092997
0.659039
0.505250
0.037658
0.255092
0.566821
0.834914
0.540143
0.247978
0.068822
0.240506
0.077686
0.237914
0.219242
0.297626
0.435694
0.373764
0.466070
0.645886
0.687379
0.341835
0.736903
0.767865
0.156163
0.861197
0.178162
0.686466
0.190838
0.974247
0.412056
0.396047
0.760579
0.233513
0.691825
0.001210
0.956715
0.457311
0.032406
0.352328
0.662975
0.035693
0.118149
0.829153
0.405735
0.598668
0.763957
0.649519
0.852631
0.788916
0.916932
0.285589
0.560983
0.825385
0.079264
0.766962
0.134945
0.326120
0.280081
0.336882
0.157168
0.380485
0.252196
0.698123
0.562889
0.868515
0.811129
0.679042
0.375170
0.833187
0.424736
0.030654
0.518669
0.886424
0.863835
0.277270
0.275909
0.415530
0.749241
0.661485
0.490275
0.072488
0.576851
0.648486
0.190487
0.718196
0.077686
0.134421
0.038174
0.948402
0.724680
0.050690
0.540106
0.436798
0.343305
0.044350
0.926106
0.273105
0.839767
0.271247
0.589912
0.337823
0.341720
0.489779
0.475682
0.997097
0.493974
0.621965
0.929303
0.477959
0.047349
0.063199
0.491945
0.556579
0.615520
0.890392
0.347738
0.815640
0.290971
0.761742
0.884234
0.462543
0.994633
0.972786
0.876336
0.330289
0.491448
0.816754
0.819177
0.100873
0.550216
0.025030
0.776169
0.660606
0.498399
0.967083
0.220485
0.563077
0.617883
0.865252
0.178599
0.473863
0.390660
0.207031
0.632696
0.927263
0.571248
0.623568
0.841790
0.790358
0.560908
0.239839
0.498077
0.008671
0.788352
0.150492
0.296818
0.080046
0.836537
0.657586
0.721797
0.134421
0.818270
0.451497
0.870356
0.044800
0.723782
0.730841
0.080853
0.888735
0.997743
0.472676
0.696076
0.812591
0.993002
0.851256
0.492265
0.073800
0.254511
0.596770
0.933036
0.135001
0.886088
0.549176
0.287010
0.237363
0.996631
0.321546
0.869347
0.301455
0.938953
0.215442
0.718196
0.242156
0.485953
0.466624
0.596126
0.563413
0.446975
0.492087
0.980433
0.657663
0.335574
0.398329
0.632888
0.894621
0.748542
0.804933
0.135250
0.736012
0.223724
0.358737
0.834654
0.638965
0.497363
0.164728
0.454912
0.484611
0.869793
0.108770
0.946096
0.173889
0.849029
0.507086
0.439247
0.042540
0.563787
0.542175
0.113833
0.297731
0.899912
0.902901
0.572938
0.076304
0.721797
0.698160
0.630098
0.904535
0.637856
0.437334
0.227319
0.980187
0.141347
0.485494
0.453955
0.400173
0.448876
0.821956
0.813304
0.098727
0.110431
0.546913
0.152337
0.164434
0.025927
0.025933
0.725690
0.283064
0.696189
0.993133
0.444199
0.927421
0.936705
0.390879
0.336114
0.093157
0.645580
0.607104
0.219035
0.816619
0.000285
0.346924
0.691939
0.753021
0.969046
0.141808
0.200114
0.060192
0.621240
0.843197
0.918135
0.289945
0.330346
0.288539
0.179776
0.408566
0.409533
0.456077
0.774594
0.801172
0.549176
0.252935
0.313860
0.582731
0.910687
0.966083
0.856816
0.524974
0.231866
0.596088
0.402596
0.311750
0.090104
0.288820
0.920585
0.750637
0.599806
0.745449
0.177621
0.698160
0.901438
0.428239
0.726587
0.214831
0.983919
0.770893
0.611138
0.560609
0.001612
0.920373
0.044060
0.220257
0.429101
0.883386
0.613424
0.350014
0.637742
0.827834
0.771505
0.422366
0.646460
0.609197
0.073492
0.604746
0.615062
0.628341
0.220361
0.050776
0.490027
0.372789
0.978478
0.966408
0.137917
0.729797
0.200191
0.323897
0.292515
0.951730
0.954901
0.549918
0.434090
0.168580
0.502232
0.817967
0.817395
0.076446
0.490417
0.551516
0.552297
0.509755
0.233079
0.755363
0.968366
0.024594
0.330149
0.913221
0.039325
0.304815
0.687835
0.092629
0.991424
0.053666
0.619142
0.095686
0.300718
0.778742
0.067038
0.118915
0.756277
0.561842
0.362823
0.693496
0.177621
0.680985
0.560759
0.976504
0.667826
0.094840
0.808569
0.293186
0.750086
0.712668
0.375200
0.856044
0.132287
0.068207
0.620553
0.747291
0.950653
0.711726
0.143883
0.734935
0.504459
0.810311
0.139445
0.547284
0.507194
0.469228
0.112894
0.498363
0.949544
0.013434
0.999590
0.330289
0.283467
0.486802
0.066497
0.833937
0.890282
0.793550
0.660568
0.096745
0.690838
0.212239
0.779491
0.526619
0.888818
0.023904
0.421053
0.216505
0.064638
0.928006
0.219345
0.177673
0.827141
0.235192
0.559937
0.474143
0.991182
0.116837
0.097108
0.482600
0.222905
0.222340
0.821689
0.051684
0.141779
0.122340
0.666184
0.109275
0.104923
0.601667
0.344315
0.003476
0.504746
0.406249
0.429897
0.680985
0.046983
0.387624
0.853782
0.007250
0.583524
0.902302
0.066136
0.980720
0.651890
0.987419
0.256001
0.236594
0.339710
0.230056
0.088869
0.793445
0.848682
0.966172
0.236791
0.964640
0.315300
0.259874
0.336996
0.674124
0.357847
0.928679
0.316908
0.281256
0.665764
0.269641
0.278586
0.862291
0.410405
0.348437
0.887902
0.122238
0.949841
0.713873
0.175971
0.081908
0.438072
0.425957
0.879396
0.307827
0.485847
0.074517
0.341231
0.410664
0.356928
0.228620
0.839477
0.320142
0.126908
0.988737
0.407857
0.149313
0.344055
0.377038
0.036989
0.666795
0.123104
0.821723
0.673666
0.032205
0.563226
0.767648
0.323758
0.443794
0.680833
0.971624
0.545653
0.983872
0.429897
0.504459
0.092828
0.795647
0.375873
0.406442
0.530649
0.611024
0.594382
0.099286
0.242335
0.017259
0.740721
0.349897
0.262504
0.036002
0.355656
0.113404
0.365434
0.854745
0.874385
0.780168
0.939918
0.468186
0.531713
0.766636
0.655331
0.329868
0.634913
0.652998
0.269763
0.610910
0.782621
0.318111
0.142980
0.036289
0.754888
0.940020
0.023232
0.129954
0.386314
0.309784
0.192769
0.794983
0.108758
0.594912
0.458273
0.698388
0.882564
0.382494
0.926606
0.509502
0.354358
0.461646
0.461508
0.731400
0.097077
0.339882
0.378790
0.889123
0.161144
0.796205
0.222006
0.134270
0.380330
0.075001
0.206085
0.838639
0.032685
0.764645
0.072832
0.686504
0.068845
0.425990
0.001844
0.504459
0.493902
0.013264
0.635448
0.806513
0.336114
0.959808
0.508564
0.343103
0.762977
0.035241
0.725877
0.012316
0.356869
0.526180
0.716881
0.351301
0.743936
0.501479
0.538630
0.276477
0.803107
0.744896
0.824489
0.870030
0.261057
0.871980
0.708974
0.587378
0.419611
0.641336
0.211334
0.083971
0.493297
0.704141
0.481508
0.715415
0.052393
0.236089
0.576248
0.624141
0.111657
0.487121
0.952687
0.792920
0.801656
0.458066
0.764174
0.284880
0.588815
0.179266
0.476627
0.284123
0.103378
0.000198
0.346111
0.472886
0.137945
0.280081
0.644471
0.259120
0.064086
0.528523
0.090463
0.304231
0.398805
0.739795
0.288437
0.453271
0.366969
0.429698
0.073735
0.172847
0.001844
