0.000000
0.000000
0.000000
0.000000
0.000000
0.000000
0.000000
0.000000
0.000000
0.000000
0.000000
0.000000
0.000000
0.000000
0.000000
0.000000
0.000000
0.000000
0.000000
0.000000
0.000000
0.000000
0.000000
0.000000
0.000000
0.000000
0.000000
0.000000
0.000000
0.000000
0.000000
0.000000
0.000000
0.000000
0.000000
0.000000
0.000000
0.000000
0.000000
0.000000
0.000000
0.000000
0.000000
0.000000
0.000000
0.000000
0.000000
0.000000
0.000000
0.000000
0.000000
0.000000
0.000000
0.000000
0.000000
0.000000
0.000000
0.000000
0.000000
0.000000
0.000000
0.000000
0.000000
0.000000
0.000000
0.000000
0.000000
0.000000
0.000000
0.000000
0.000000
0.000000
0.000000
0.000000
0.000000
0.000000
0.000000
0.000000
0.000000
0.000000
0.000000
0.000000
0.000000
0.000000
0.000000
0.000000
0.000000
0.000000
0.000000
0.000000
0.000000
0.000000
0.000000
0.000000
0.000000
0.000000
0.000000
0.000000
0.000000
0.000000
0.000000
0.000000
0.000000
0.000000
0.000000
0.000000
0.000000
0.000000
0.000000
0.000000
0.000000
0.000000
0.000000
0.000000
0.000000
0.000000
0.000000
0.000000
0.000000
0.000000
0.000000
0.000000
0.000000
0.000000
0.000000
0.000000
0.000000
0.000000
0.000000
0.000000
0.000000
0.000000
0.000000
0.000000
0.000000
0.000000
0.000000
0.000000
0.000000
0.000000
0.000000
0.000000
0.000000
0.000000
0.000000
0.000000
0.000000
0.000000
0.000000
0.000000
0.000000
0.000000
0.000000
0.000000
0.000000
0.000000
0.000052
0.000000
0.000000
0.000000
0.000000
0.000000
0.000000
0.000000
0.000000
0.001691
0.000000
0.000000
0.000000
0.000000
0.000000
0.000000
0.002638
0.000000
0.000000
0.000000
0.000000
0.000002
0.000000
0.055055
0.000000
0.000000
0.000000
0.028418
0.000000
0.000000
0.000000
0.000000
0.000000
0.000000
0.000000
0.000000
0.023832
0.000000
0.000000
0.000353
0.000000
0.000000
0.004316
0.000000
0.001059
0.000009
0.000117
0.000000
0.000000
0.000000
0.000000
0.000000
0.000016
0.000000
0.000000
0.000000
0.000000
0.000000
0.000000
0.000000
0.000377
0.016794
0.000000
0.000000
0.000000
0.000000
0.000000
0.000000
0.000019
0.000000
0.000000
0.000000
0.000000
0.000000
0.000437
0.000000
0.000000
0.000000
0.000000
0.000000
0.000000
0.000000
0.001314
0.000000
0.000000
0.000000
0.000000
0.000000
0.000000
0.000000
0.000000
0.000000
0.000000
0.000000
0.004918
0.000000
0.000000
0.000000
0.000000
0.000000
0.000010
0.000000
0.000000
0.000000
0.000000
0.000000
0.037979
0.000000
0.000000
0.000000
0.000000
0.000000
0.000000
0.000000
0.000000
0.000000
0.000000
0.000000
0.001057
0.000916
0.000000
0.000000
0.000004
0.000000
0.000000
0.000000
0.121239
0.000000
0.002520
0.000000
0.000000
0.000000
0.000000
0.000000
0.000000
0.000000
0.000000
0.021909
0.000000
0.000000
0.000000
0.000000
0.000000
0.000000
0.000000
0.000000
0.000000
0.000051
0.000000
0.000000
0.000000
0.000000
0.000000
0.000000
0.000000
0.000000
0.000000
0.000000
0.000000
0.000000
0.000000
0.000000
0.000000
0.000000
0.000000
0.000000
0.000000
0.000000
0.000000
0.000000
0.000000
0.000000
0.000000
0.001517
0.000000
0.000000
0.000000
0.000000
0.000000
0.000000
0.000000
0.000005
0.000000
0.000000
0.000000
0.000000
0.000000
0.066741
0.000000
0.000000
0.000000
0.000000
0.002876
0.000000
0.000001
0.000000
0.000000
0.000000
0.000000
0.000000
0.000000
0.000000
0.000000
0.000000
0.000000
0.000000
0.000000
0.000000
0.023084
0.000000
0.000000
0.000000
0.000000
0.000000
0.000000
0.000000
0.000204
0.000000
0.000000
0.000000
0.000000
0.000000
0.000000
0.000000
0.000000
0.000000
0.000000
0.000000
0.000000
0.000000
0.086230
0.000000
0.000000
0.000000
0.000000
0.000000
0.000000
0.000000
0.000000
0.000000
0.000000
0.000000
0.026539
0.000000
0.000000
0.000000
0.000067
0.000000
0.000000
0.000000
0.000000
0.000000
0.000000
0.000000
0.000000
0.000000
0.000000
0.000000
0.000000
0.000000
0.000000
0.000000
0.000000
0.000000
0.000000
0.000000
0.000000
0.000000
0.000000
0.000000
0.005727
0.000000
0.000000
0.000000
0.010082
0.000000
0.037157
0.000000
0.000000
0.000000
0.000000
0.000000
0.000000
0.000000
0.000000
0.000000
0.000000
0.000000
0.000005
0.003039
0.000000
0.000000
0.000000
0.000000
0.000000
0.655369
0.000003
0.000000
0.000000
0.000000
0.000000
0.000000
0.000000
0.000000
0.000000
0.000000
0.000000
0.000000
0.000000
0.000000
0.000000
0.000000
0.000001
0.000000
0.000000
0.000000
0.000000
0.000003
0.000002
0.000002
0.000000
0.302352
0.000000
0.000001
0.000000
0.000000
0.000000
0.000000
0.000000
0.000000
0.000000
0.000000
0.000016
0.000000
0.000000
0.252196
0.000000
0.000000
0.000001
0.000000
0.408437
0.000004
0.000000
0.000000
0.000000
0.000001
0.000000
0.000000
0.000001
0.000000
0.000000
0.000000
0.000000
0.000000
0.000000
0.000000
0.291537
0.000001
0.000000
0.000000
0.000000
0.000000
0.000005
0.000000
0.535793
0.000000
0.000000
0.000000
0.000000
0.000000
0.000011
0.000000
0.000000
0.000000
0.000000
0.000000
0.000000
0.000000
0.282838
0.000000
0.000019
0.000000
0.000000
0.000001
0.000000
0.000000
0.000000
0.000000
0.000000
0.000002
0.874502
0.000000
0.000000
0.000000
0.235104
0.000000
0.000000
0.000001
0.000000
0.000000
0.000000
0.000000
0.000000
0.000001
0.000000
0.000000
0.000000
0.000000
0.000000
0.000000
0.000000
0.000000
0.000000
0.000000
0.000001
0.000000
0.000000
0.000000
0.705161
0.000000
0.000000
0.000000
0.155710
0.000000
0.144205
0.000000
0.000003
0.000000
0.000000
0.000000
0.000000
0.000000
0.000000
0.000000
0.000000
0.000000
0.000000
0.000000
0.000000
0.000000
0.000000
0.000000
0.000000
0.002509
0.000000
0.000000
0.000000
0.000000
0.000000
0.000000
0.000000
0.000000
0.000000
0.000000
0.000000
0.000002
0.000000
0.000000
0.000000
0.000000
0.000000
0.000000
0.000000
0.000000
0.000000
0.000000
0.000000
0.000000
0.000000
0.029577
0.000000
0.000000
0.000006
0.000000
0.000000
0.000000
0.000000
0.000000
0.000000
0.000000
0.000000
0.000000
0.000000
0.048394
0.000000
0.000001
0.000000
0.000000
0.008874
0.000000
0.000000
0.000000
0.000000
0.000000
0.000001
0.000000
0.000000
0.000000
0.000000
0.000000
0.000082
0.000000
0.000000
0.000000
0.045998
0.000000
0.000000
0.000000
0.000000
0.000000
0.000000
0.000000
0.018131
0.000000
0.000000
0.000000
0.000000
0.000000
0.000000
0.000000
0.000000
0.000000
0.000001
0.000000
0.000000
0.000000
0.014905
0.000000
0.000031
0.000000
0.000000
0.000000
0.000000
0.000000
0.000000
0.000000
0.000000
0.000000
0.002533
0.000000
0.000000
0.000000
0.031478
0.000000
0.000000
0.000000
0.000000
0.000000
0.000000
0.000004
0.000000
0.000026
0.000000
0.000000
0.000000
0.000432
0.000000
0.000000
0.000018
0.000000
0.000000
0.000000
0.000000
0.000000
0.000000
0.000000
0.005228
0.000000
0.000000
0.000000
0.011522
0.000000
0.025385
0.000005
0.000000
0.000000
0.000000
0.000000
0.000000
0.000000
0.000000
0.000000
0.000000
0.000000
0.000000
0.000000
0.000000
0.000000
0.000000
0.000000
0.000000
0.000000
0.000000
0.000000
0.000000
0.000000
0.000000
0.000000
0.000000
0.000000
0.001213
0.000000
0.000000
0.001081
0.000000
0.000000
0.000000
0.000000
0.000000
0.000000
0.000000
0.000000
0.000000
0.000000
0.000000
0.000000
0.000000
0.000113
0.000000
0.000000
0.005032
0.000000
0.000000
0.000000
0.000000
0.000000
0.000000
0.000000
0.000000
0.000000
0.000000
0.000015
0.000000
0.000062
0.000000
0.000000
0.000002
0.000000
0.000000
0.000000
0.000000
0.000000
0.000835
0.000000
0.000000
0.000000
0.000000
0.000000
0.000047
0.000000
0.000000
0.000000
0.000011
0.000000
0.000000
0.000000
0.000000
0.000000
0.000000
0.000000
0.000000
0.000000
0.000000
0.000000
0.000000
0.000000
0.000000
0.000000
0.000000
0.000000
0.000000
0.000000
0.000000
0.000000
0.000004
0.000000
0.000001
0.000000
0.000000
0.000000
0.000000
0.000000
0.000000
0.000000
0.000000
0.000000
0.000002
0.000000
0.000000
0.000000
0.000000
0.000000
0.000000
0.000000
0.000000
0.000000
0.000000
0.000423
0.000000
0.000000
0.000000
0.000000
0.000000
0.064043
0.000000
0.000000
0.011408
0.000000
0.000000
0.000000
0.000000
0.000000
0.000000
0.000000
0.000002
0.000000
0.000000
0.000000
0.000112
0.000000
0.000001
0.009763
0.000000
0.000000
0.000000
0.000000
0.000000
0.000000
0.000000
0.000000
0.000000
0.000000
0.000000
0.000000
0.004761
0.038076
0.000023
0.000002
0.000004
0.000125
0.000077
0.000022
0.000167
0.000000
0.000000
0.000160
0.000000
0.000031
0.011310
0.000000
0.000000
0.000420
0.000000
0.000000
0.000000
0.000000
0.010647
0.000000
0.001494
0.000000
0.000000
0.000235
0.003288
0.001129
0.000000
0.000007
0.000000
0.000000
0.001275
0.000781
0.000000
0.000029
0.000000
0.000010
0.000000
0.000209
0.001765
0.000220
0.000000
0.000000
0.000003
0.001622
0.000000
0.002381
0.154294
0.000000
0.007941
0.000000
0.000324
0.000000
0.000001
0.000000
0.015220
0.000000
0.000008
0.000000
0.002628
0.000001
0.005356
0.000000
0.000000
0.005101
0.000000
0.000000
0.000000
0.000133
0.000000
0.000121
0.000007
0.011113
0.000000
0.045845
0.000000
0.000000
0.027699
0.000000
0.000000
0.000008
0.000000
0.000000
0.000000
0.000000
0.000001
0.000464
0.000016
0.000000
0.019301
0.000000
0.000000
0.000409
0.000000
0.001533
0.000764
0.000033
0.000009
0.000000
0.000010
0.000018
0.000854
0.104712
0.000001
0.000069
0.000013
0.000000
0.000007
0.000444
0.000000
0.000000
0.004886
0.000000
0.000000
0.015707
0.000004
0.000000
0.011559
0.446873
0.000005
0.000155
0.000023
0.000000
0.000000
0.042501
0.000628
0.000000
0.000000
0.000086
0.000000
0.002100
0.000142
0.019301
0.000000
0.000000
0.000000
0.007526
0.000000
0.000000
0.000001
0.000196
0.000025
0.000133
0.000000
0.000000
0.000000
0.000000
0.000000
0.000000
0.000000
0.000000
0.000000
0.000000
0.000000
0.000000
0.000000
0.000000
0.000000
0.000000
0.000000
0.000000
0.000000
0.000000
0.000000
0.000000
0.000000
0.000000
0.000000
0.000000
0.000000
0.000000
0.000000
0.000000
0.000000
0.000000
0.000000
0.000000
0.000000
0.000000
0.000000
0.000000
0.000000
0.000000
0.000000
0.000000
0.000000
0.000000
0.000000
0.000000
0.000000
0.000000
0.000000
0.000000
0.000000
0.000000
0.000000
0.000000
0.000000
0.000000
0.000000
0.000000
0.000000
0.000000
0.000000
0.000000
0.000000
0.000000
0.000000
0.000000
0.000000
0.000000
0.000000
0.000000
0.000000
0.000000
0.000000
0.000000
0.000000
0.000000
0.000000
0.000000
0.000000
0.000000
0.000000
0.000000
0.000000
0.000000
0.000000
0.000000
0.000000
0.000000
0.000000
0.000000
0.000000
0.000000
0.000000
0.000000
0.000000
0.000000
0.000000
0.000000
0.000000
0.000000
0.000000
0.000000
0.000000
0.000000
0.000000
0.000000
0.000000
0.000000
0.000000
0.000000
0.000000
0.000000
0.000000
0.000000
0.000000
0.000000
0.000004
0.000000
0.000000
0.000000
0.000000
0.000000
0.000000
0.000000
0.000000
0.000000
0.000000
0.000000
0.000000
0.000000
0.000000
0.000000
0.000000
0.000000
0.000000
0.000000
0.000000
0.000000
0.000000
0.000000
0.000000
0.000000
0.000000
0.000000
0.000000
0.000000
0.000000
0.000000
0.000000
0.000000
0.000000
0.000000
0.000000
0.000039
0.000000
0.000000
0.000000
0.000000
0.000000
0.000000
0.000000
0.000009
0.052227
0.000000
0.000000
0.000000
0.021615
0.000000
0.000000
0.074533
0.000000
0.000000
0.000000
0.000000
0.000000
0.000000
0.000042
0.000000
0.000001
0.000000
0.000000
0.000000
0.047937
0.005063
0.000000
0.000000
0.000181
0.000000
0.171742
0.000000
0.000026
0.000000
0.000000
0.000000
0.000000
0.021266
0.016985
0.000000
0.058837
0.000000
0.000000
0.018625
0.000272
0.000000
0.000000
0.001375
0.000000
0.004813
0.000000
0.181472
0.000000
0.000268
0.000000
0.000000
0.000000
0.000000
0.000000
0.000000
0.131582
0.000018
0.359005
0.000000
0.000000
0.000000
0.000000
0.000000
0.000000
0.000005
0.000000
0.000000
0.000009
0.000008
0.000000
0.000000
0.000000
0.012653
0.000000
0.000000
0.000000
0.000000
0.000000
0.000007
0.000000
0.001191
0.000000
0.001703
0.007731
0.000000
0.000012
0.000000
0.000000
0.000004
0.000000
0.000001
0.000000
0.001636
0.000000
0.000000
0.000554
0.000000
0.000000
0.000000
0.000000
0.000000
0.000629
0.081712
0.000000
0.000000
0.103082
0.000002
0.000000
0.000002
0.000000
0.000000
0.000000
0.005491
0.000001
0.000000
0.000000
0.000044
0.000000
0.000000
0.197058
0.000000
0.000000
0.000000
0.000000
0.000380
0.000000
0.000004
0.020396
0.000000
0.000000
0.000001
0.000000
0.000000
0.000000
0.000000
0.000000
0.000000
0.000000
0.000000
0.000000
0.000000
0.000000
0.000000
0.000000
0.000000
0.000000
0.000000
0.010279
0.000000
0.000000
0.000996
0.113690
0.000000
0.000000
0.000071
0.000000
0.000000
0.000000
0.052357
0.000000
0.000000
0.000000
0.000000
0.000000
0.000000
0.000000
0.000000
0.000001
0.182343
0.000000
0.000000
0.226766
0.000000
0.001603
0.000000
0.000039
0.000000
0.000000
0.000000
0.000041
0.004513
0.001941
0.000000
0.000424
0.000000
0.000000
0.094606
0.000000
0.000000
0.000000
0.001078
0.000000
0.000038
0.000000
0.000009
0.000000
0.000006
0.000000
0.000000
0.000000
0.000000
0.000000
0.000000
0.000360
0.000034
0.002980
0.000000
0.000000
0.000000
0.000000
0.000000
0.000000
0.000000
0.000000
0.000000
0.000000
0.222382
0.000000
0.000000
0.000000
0.404773
0.000000
0.000000
0.000000
0.000000
0.000000
0.038432
0.000000
0.269132
0.000000
0.000000
0.000881
0.000000
0.000000
0.000000
0.000000
0.000152
0.000000
0.000000
0.000000
0.000000
0.000000
0.000000
0.000000
0.000000
0.000000
0.000000
0.000000
0.000000
0.000000
0.007911
0.000000
0.000000
0.000025
0.000320
0.000000
0.000000
0.000000
0.000000
0.000000
0.009537
0.000000
0.000000
0.000000
0.000011
0.000000
0.000000
0.001197
0.000000
0.000000
0.000000
0.000000
0.001259
0.000000
0.000000
0.000020
0.000000
0.000000
0.000000
0.000000
0.000000
0.000000
0.000000
0.000000
0.000000
0.000000
0.000000
0.000000
0.000000
0.000000
0.000000
0.000000
0.000000
0.000000
0.000000
0.028654
0.000000
0.000000
0.010067
0.000120
0.000000
0.000000
0.000032
0.000000
0.000000
0.000000
0.000000
0.000000
0.000000
0.000000
0.000000
0.000000
0.000000
0.000000
0.000000
0.047225
0.000157
0.000000
0.000000
0.000817
0.000000
0.007047
0.000000
0.059015
0.000000
0.000000
0.000000
0.000114
0.000918
0.000610
0.000000
0.002636
0.000000
0.000000
0.000672
0.000000
0.000000
0.000000
0.008406
0.000000
0.000643
0.000000
0.173427
0.000000
0.000357
0.000000
0.000000
0.000000
0.000000
0.000000
0.000000
0.372088
0.607560
0.023849
0.000000
0.000000
0.000000
0.000000
0.000000
0.000000
0.000000
0.000000
0.000000
0.000000
0.000010
0.000000
0.000000
0.000000
0.000043
0.000000
0.000000
0.000000
0.000000
0.000000
0.000103
0.000000
0.000044
0.000000
0.000000
0.011271
0.000000
0.000000
0.000000
0.000000
0.397853
0.000000
0.000000
0.000000
0.000000
0.000000
0.000000
0.000000
0.000000
0.000000
0.000000
0.000000
0.000000
0.000000
0.029612
0.000000
0.000000
0.000124
0.260796
0.000000
0.000000
0.000000
0.000000
0.000000
0.029226
0.000000
0.000000
0.000000
0.141347
0.000000
0.000000
0.011623
0.000000
0.000000
0.000000
0.000000
0.085348
0.000000
0.000000
0.084291
0.000000
0.000000
0.000000
0.000000
0.000000
0.002103
0.101756
0.422038
0.735790
0.741867
0.526510
0.399918
0.966791
0.140845
0.872245
0.668246
0.325230
0.459545
0.951676
0.198983
0.922743
0.564349
0.979820
0.479890
0.394499
0.937709
0.864710
0.330824
0.527973
0.263887
0.195563
0.695962
0.831322
0.000790
0.714174
0.195035
0.317263
0.001651
0.769777
0.995912
0.821455
0.110710
0.378728
0.013016
0.547024
0.997646
0.218704
0.949674
0.109195
0.231607
0.427709
0.054081
0.411052
0.279083
0.796936
0.710332
0.968877
0.879797
0.762287
0.516126
0.026605
0.349108
0.382773
0.716205
0.475017
0.285690
0.373063
0.703952
0.874443
0.534395
0.899912
0.126750
0.975501
0.411861
0.339768
0.944972
0.177691
0.896425
0.475367
0.002103
0.057032
0.816383
0.990185
0.438239
0.143621
0.173051
0.320417
0.021644
0.381689
0.820619
0.360374
0.451190
0.014720
0.096942
0.000002
0.531309
0.174919
0.934071
0.523879
0.688063
0.428504
0.147708
0.267319
0.800791
0.185392
0.619523
0.921316
0.017137
0.864137
0.966068
0.029136
0.843069
0.321712
0.424440
0.834881
0.372850
0.001447
0.832402
0.174798
0.397916
0.525340
0.202140
0.721160
0.925787
0.405542
0.663434
0.672101
0.568208
0.452588
0.258672
0.526912
0.072736
0.788845
0.001868
0.923926
0.062966
0.782017
0.139417
0.066275
0.448604
0.606419
0.588550
0.248594
0.147320
0.787859
0.339395
0.408372
0.273571
0.656287
0.283946
0.579412
0.913984
0.475367
0.000000
0.000000
0.000000
0.031694
0.684412
0.000482
0.439045
0.025874
0.154016
0.180746
0.537303
0.948176
0.429001
0.002251
0.039576
0.044330
0.001853
0.373337
0.005425
0.067373
0.211695
0.156429
0.026100
0.366638
0.000057
0.054658
0.819882
0.990046
0.423715
0.111903
0.190745
0.006246
0.000004
0.234297
0.118816
0.073161
0.324119
0.025586
0.000000
0.597681
0.005494
0.017169
0.000004
0.877003
0.000908
0.003600
0.123167
0.018037
0.578320
0.201328
0.000206
0.352563
0.247432
0.313047
0.003131
0.068662
0.829450
0.981615
0.205888
0.019365
0.001968
0.054943
0.072464
0.874268
0.040475
0.791272
0.048190
0.000471
0.000004
0.033808
0.021444
0.000922
0.087726
0.000003
0.000000
0.449862
0.973304
0.462508
0.722696
0.048228
0.000060
0.057400
0.000000
0.019397
0.532006
0.123346
0.111387
0.000010
0.000001
0.002927
0.907457
0.944913
0.643056
0.000035
0.084291
0.003291
0.000000
0.706785
0.263004
0.055988
0.498721
0.455186
0.002656
0.899833
0.387437
0.768081
0.829910
0.385069
0.000000
0.311372
0.477959
0.004122
0.822123
0.000141
0.964320
0.175453
0.226427
0.110780
0.000000
0.000004
0.010262
0.199251
0.003875
0.362614
0.011588
0.592336
0.001977
0.002320
0.099965
0.009005
0.000001
0.717670
0.000114
0.000000
0.872245
0.257733
0.622156
0.007636
0.000011
0.143650
0.500905
0.765840
0.410502
0.485635
0.900519
0.490453
0.019953
0.000003
0.000000
0.000001
0.001012
0.378451
0.219242
0.252311
0.266452
0.243500
0.099286
0.036981
0.310995
0.188391
0.036985
0.307319
0.060652
0.045048
0.010016
0.049212
0.060761
0.129353
0.041431
0.008053
0.000001
0.722883
0.000000
0.229905
0.002217
0.312669
0.000004
0.989278
0.285614
0.000276
0.000000
0.518741
0.837994
0.000084
0.040889
0.380454
0.000000
0.170846
0.249073
0.000062
0.000497
0.065806
0.007231
0.071323
0.000028
0.278387
0.023984
0.952363
0.242290
0.059889
0.742644
0.161047
0.002979
0.000000
0.007422
0.251366
0.012495
0.000276
0.018193
0.209912
0.875231
0.000228
0.041498
0.046411
0.351155
0.048272
0.000951
0.134890
0.115369
0.000000
0.073557
0.000950
0.000000
0.010209
0.082300
0.821321
0.418564
0.000001
0.014554
0.007524
0.000098
0.000003
0.097139
0.126149
0.026319
0.017799
0.000252
0.000001
0.658962
0.417845
0.487156
0.003407
0.017954
0.001644
0.000162
0.020389
0.906565
0.097503
0.000004
0.687037
0.034991
0.224460
0.915598
0.026691
0.725615
0.648716
0.221130
0.055586
0.037270
0.000000
0.002731
0.000398
0.003078
0.096343
0.131947
0.057749
0.000668
0.000000
0.058238
0.020027
0.029250
0.036091
0.151237
0.613843
0.000000
0.052405
0.000003
0.000600
0.000182
0.004749
0.489921
0.146621
0.013849
0.289715
0.420856
0.081428
0.000260
0.048278
0.234951
0.081863
0.015255
0.350014
0.029876
0.398837
0.033955
0.000950
0.000000
0.000000
0.002068
0.014949
0.101067
0.000023
0.056457
0.005491
0.015893
0.139887
0.008848
0.000535
0.595178
0.001802
0.000000
0.063411
0.000118
0.167299
0.052912
0.000036
0.006023
0.202470
0.003314
0.141880
0.000000
0.127709
0.456214
0.497899
0.009438
0.302036
0.000527
0.000000
0.000000
0.035626
0.180587
0.013045
0.002356
0.012899
0.001437
0.711764
0.028910
0.000000
0.056381
0.030879
0.100104
0.075737
0.304629
0.815201
0.006927
0.006475
0.092559
0.005621
0.033955
0.245596
0.077432
0.000000
0.248959
0.001492
0.000004
0.032593
0.002079
0.005542
0.366336
0.037400
0.000044
0.000930
0.000949
0.100991
0.000000
0.000116
0.001257
0.000000
0.030510
0.000338
0.000000
0.000000
0.003519
0.038160
0.003221
0.000113
0.000001
0.062232
0.000000
0.234515
0.000027
0.020217
0.000946
0.003868
0.000000
0.001407
0.370417
0.000037
0.090036
0.024718
0.712329
0.127789
0.000000
0.000033
0.000005
0.526875
0.000683
0.021712
0.000322
0.081552
0.024789
0.027689
0.007114
0.005181
0.000000
0.001808
0.027771
0.001062
0.004883
0.001157
0.452622
0.498256
0.346866
0.516852
0.000248
0.000000
0.032178
0.005110
0.000015
0.009916
0.003595
0.017379
0.002089
0.000241
0.051485
0.000054
0.049730
0.005956
0.000000
0.000239
0.280531
0.098496
0.611786
0.036049
0.000000
0.084924
0.070058
0.207981
0.000002
0.000705
0.113833
0.477819
0.022555
0.000338
0.000000
0.000000
0.000000
0.000359
0.774271
0.000000
0.209512
0.000018
0.000000
0.309194
0.000014
0.000665
0.000566
0.000000
0.000000
0.000006
0.000000
0.271393
0.047063
0.000698
0.030277
0.000000
0.000000
0.021228
0.000000
0.000011
0.228748
0.244040
0.002770
0.000000
0.000000
0.000000
0.000000
0.099487
0.776599
0.000520
0.115671
0.378113
0.000000
0.000002
0.000298
0.000000
0.000001
0.066489
0.000889
0.000000
0.022017
0.002640
0.027574
0.000000
0.000033
0.000000
0.023293
0.367784
0.000000
0.003406
0.839349
0.000050
0.006646
0.008344
0.000000
0.539036
0.000205
0.000248
0.000000
0.000002
0.000000
0.000000
0.000000
0.000051
0.158558
0.000000
0.000000
0.000000
0.000000
0.000000
0.131555
0.005695
0.000018
0.330570
0.000000
0.024108
0.000000
0.000289
0.000007
0.085849
0.286045
0.000000
0.000000
0.000000
0.697137
0.041297
0.000020
0.000000
0.193497
0.000000
0.000000
0.000000
0.010550
0.420234
0.003268
0.000001
0.000000
0.169584
0.136013
0.710219
0.045390
0.004100
0.000000
0.594230
0.021620
0.000000
0.000007
0.000000
0.017280
0.000030
0.000077
0.467041
0.000000
0.000000
0.000476
0.155663
0.000000
0.015695
0.004293
0.000000
0.000000
0.000331
0.000022
0.000000
0.000000
0.000001
0.000000
0.000000
0.000000
0.000012
0.141419
0.000000
0.000000
0.000329
0.034078
0.483870
0.000000
0.000000
0.791096
0.311157
0.000623
0.000000
0.000000
0.000000
0.000005
0.000546
0.491341
0.029612
0.000284
0.005097
0.000098
0.129914
0.009258
0.000242
0.000000
0.013776
0.002408
0.000344
0.152475
0.617311
0.000000
0.312696
0.000158
0.017027
0.000001
0.339911
0.000000
0.000011
0.001065
0.000301
0.001500
0.000057
0.002841
0.000000
0.000000
0.108999
0.087130
0.000000
0.055995
0.308470
0.000001
0.047577
0.398138
0.001680
0.012257
0.005183
0.005593
0.000000
0.000309
0.000390
0.000898
0.542323
0.000000
0.000327
0.372149
0.094758
0.013489
0.006119
0.000060
0.266307
0.000028
0.001257
0.000127
0.000805
0.011546
0.003499
0.000000
0.060591
0.383392
0.000037
0.000001
0.001811
0.000000
0.000440
0.000087
0.000001
0.000000
0.118853
0.012817
0.915379
0.405286
0.001138
0.000000
0.047106
0.000572
0.000000
0.001023
0.028495
0.000012
0.006617
0.000896
0.000000
0.291768
0.000008
0.105401
0.000000
0.009678
0.000608
0.000000
0.000702
0.000331
0.095686
0.000000
0.010532
0.000329
0.067194
0.098969
0.000001
0.450373
0.034922
0.000000
0.660759
0.003530
0.000000
0.325536
0.000000
0.061108
0.843994
0.000624
0.000012
0.000000
0.000000
0.247477
0.744416
0.000132
0.001006
0.000027
0.355774
0.000080
0.074968
0.000000
0.002886
0.000000
0.041188
0.026007
0.000000
0.004215
0.542138
0.831682
0.000001
0.123014
0.603225
0.328522
0.040265
0.000603
0.056216
0.124593
0.000483
0.000618
0.000001
0.000755
0.015298
0.042885
0.070205
0.317127
0.025303
0.374711
0.046093
0.215463
0.002176
0.114827
0.000218
0.283971
0.130880
0.909130
0.004962
0.598592
0.091069
0.318933
0.852786
0.030593
0.325452
0.000008
0.041350
0.684830
0.000019
0.721122
0.425000
0.646115
0.373947
0.831158
0.063276
0.242089
0.008052
0.409662
0.315327
0.146740
0.279208
0.224734
0.344749
0.001230
0.000064
0.366879
0.025595
0.019996
0.435226
0.642521
0.278188
0.236155
0.265131
0.009609
0.000004
0.048261
0.022012
0.141721
0.000309
0.115465
0.057135
0.018411
0.031426
0.000357
0.156790
0.055548
0.102265
0.534101
0.001389
0.710822
0.001526
0.000000
0.951148
0.297757
0.033974
0.273546
0.020953
0.000755
0.006758
0.655560
0.181827
0.181384
0.427312
0.304762
0.001770
0.000006
0.219366
0.103718
0.000000
0.318741
0.150098
0.224292
0.038409
0.435594
0.000000
0.551888
0.367784
0.255582
0.683308
0.056292
0.035560
0.060482
0.010524
0.001141
0.446941
0.016998
0.585299
0.803693
0.814930
0.603909
0.000448
0.000667
0.005576
0.000000
0.000005
0.924434
0.292567
0.006272
0.135458
0.004690
0.176821
0.074272
0.293186
0.005078
0.063170
0.023915
0.005423
0.920680
0.058114
0.093839
0.005515
0.000000
0.005791
0.000001
0.034694
0.036378
0.000000
0.045903
0.213795
0.022974
0.329615
0.000002
0.985464
0.007823
0.086867
0.823857
0.145306
0.523076
0.086202
0.000016
0.020953
0.000000
0.000080
0.739239
0.000005
0.007263
0.811979
0.016356
0.000000
0.000012
0.000000
0.002492
0.000000
0.056738
0.056153
0.858753
0.000000
0.527058
0.008276
0.000000
0.000000
0.245189
0.038925
0.000000
0.191189
0.023346
0.000689
0.450134
0.175833
0.000005
0.000000
0.000000
0.000026
0.002206
0.000001
0.216956
0.217613
0.000393
0.734377
0.006641
0.053636
0.000000
0.000000
0.000209
0.000000
0.373429
0.004079
0.021323
0.000000
0.041561
0.003355
0.007544
0.000000
0.000729
0.000553
0.000000
0.000000
0.008604
0.000017
0.000855
0.000006
0.065477
0.255931
0.019689
0.039829
0.000060
0.000920
0.000733
0.000001
0.000000
0.955683
0.000000
0.271125
0.000312
0.022126
0.000000
0.113607
0.000149
0.001616
0.010194
0.009910
0.024524
0.000012
0.000000
0.019386
0.094454
0.000000
0.000074
0.002769
0.151802
0.092947
0.610529
0.000000
0.136403
0.019753
0.000000
0.015319
0.000002
0.000000
0.000009
0.000000
0.000443
0.005401
0.000000
0.065477
0.040729
0.282813
0.093558
0.000000
0.000000
0.392010
0.000000
0.000000
0.184959
0.001151
0.000185
0.000557
0.000000
0.000206
0.000036
0.000257
0.000000
0.000809
0.008774
0.037080
0.010683
0.358322
0.000051
0.000000
0.000000
0.000000
0.000000
0.000000
0.041350
0.000000
0.131109
0.001428
0.089919
0.000007
0.000000
0.019751
0.000050
0.000007
0.140945
0.000007
0.487050
0.000000
0.000000
0.022126
0.000000
0.000004
0.408566
0.000006
0.000018
0.000000
0.502411
0.000000
0.004426
0.007571
0.000002
0.000000
0.031959
0.000001
0.889951
0.000000
0.387312
0.000000
0.129914
0.004374
0.038687
0.006757
0.000000
0.000000
0.002579
0.008032
0.000102
0.001420
0.002014
0.000000
0.107198
0.134421
0.024943
0.000000
0.001316
0.162385
0.000000
0.469054
0.225918
0.019227
0.000000
0.000000
0.005140
0.000000
0.418532
0.007304
0.191078
0.000177
0.012332
0.000000
0.000118
0.000000
0.000400
0.000000
0.011516
0.000001
0.001988
0.000000
0.000000
0.000349
0.000482
0.000000
0.007328
0.184887
0.027492
0.000000
0.051368
0.000000
0.000000
0.000000
0.031989
0.008834
0.000592
0.000000
0.000000
0.000000
0.662020
0.775059
0.000000
0.520962
0.000054
0.073266
0.050921
0.097544
0.181171
0.000000
0.000371
0.000003
0.000063
0.041724
0.899622
0.000000
0.000077
0.727596
0.001822
0.312669
0.000449
0.000000
0.009754
0.040218
0.330177
0.002091
0.000558
0.717595
0.008997
0.419415
0.000003
0.344576
0.166901
0.001171
0.000000
0.007837
0.229798
0.931227
0.000016
0.000321
0.000000
0.195337
0.303701
0.015988
0.000000
0.004955
0.028828
0.000000
0.000587
0.000000
0.075315
0.000000
0.000000
0.004560
0.001540
0.000000
0.124877
0.000000
0.001215
0.000138
0.000362
0.000048
0.000000
0.000000
0.000000
0.000000
0.000026
0.000000
0.135763
0.000000
0.402820
0.000000
0.000000
0.010491
0.075430
0.000000
0.000000
0.000005
0.000000
0.000000
0.000003
0.000000
0.000000
0.000000
0.000000
0.000000
0.010329
0.000000
0.000000
0.000000
0.000000
0.000000
0.033316
0.000000
0.000000
0.000000
0.000000
0.361418
0.000693
0.000000
0.000000
0.000000
0.000000
0.000928
0.000012
0.000000
0.000000
0.000001
0.000000
0.456248
0.000915
0.000000
0.000000
0.000000
0.000000
0.000000
0.000000
0.000010
0.004551
0.000000
0.000045
0.000000
0.000002
0.000000
0.000000
0.000000
0.000000
0.000000
0.000000
0.000000
0.201521
0.000000
0.000000
0.000000
0.020488
0.000176
0.000611
0.000000
0.033638
0.000000
0.000000
0.000017
0.002351
0.000000
0.000000
0.015998
0.000000
0.000003
0.000063
0.002345
0.000000
0.000001
0.000009
0.000000
0.000000
0.000510
0.012549
0.000000
0.000000
0.000000
0.000000
0.000021
0.002286
0.000000
0.000000
0.000286
0.000402
0.000792
0.000001
0.000000
0.539479
0.000976
0.000000
0.000004
0.000000
0.000123
0.000000
0.000000
0.000000
0.000000
0.012113
0.000000
0.000000
0.000000
0.000000
0.000004
0.000000
0.000000
0.000000
0.000000
0.000000
0.005531
0.000000
0.000000
0.000000
0.000000
0.000030
0.000000
0.101583
0.000000
0.000000
0.000252
0.000000
0.000000
0.000024
0.000000
0.000040
0.000001
0.000002
0.000002
0.000000
0.000000
0.000000
0.000000
0.000043
0.000000
0.000000
0.000000
0.000000
0.015998
0.000000
0.000030
0.003039
0.000000
0.000000
0.000000
0.000392
0.000000
0.000000
0.000000
0.000000
0.000000
0.000000
0.000146
0.001963
0.000000
0.000000
0.000000
0.000000
0.000000
0.000001
0.000000
0.000000
0.000000
0.000000
0.000000
0.024524
0.000003
0.000000
0.000000
0.000000
0.000000
0.000000
0.000000
0.000003
0.000000
0.000000
0.000204
0.000000
0.000000
0.000000
0.000000
0.000000
0.000000
0.001656
0.000000
0.000000
0.000000
0.000000
0.000000
0.000000
0.000000
0.000011
0.000025
0.000001
0.000000
0.000000
0.000000
0.000108
0.000000
0.000000
0.000001
0.000000
0.000000
0.000000
0.000000
0.009026
0.000000
0.000000
0.000014
0.024039
0.000000
0.000000
0.000394
0.000000
0.000412
0.000019
0.004843
0.000000
0.000000
0.000020
0.000000
0.000000
0.000000
0.000000
0.000000
0.000000
0.000000
0.000000
0.000000
0.000111
0.000000
0.000000
0.000000
0.027751
0.000000
0.000163
0.000000
0.000000
0.123014
0.000000
0.000000
0.000000
0.001693
0.000000
0.000000
0.000000
0.000000
0.000000
0.000000
0.000000
0.000000
0.000000
0.000000
0.000000
0.000000
0.000000
0.000000
0.000000
0.000000
0.000000
0.000000
0.000000
0.000000
0.000143
0.000000
0.000000
0.000000
0.000000
0.000000
0.000000
0.000000
0.000000
0.000000
0.000000
0.000001
0.000121
0.000000
0.000000
0.000000
0.000000
0.000000
0.002262
0.000000
0.000002
0.000000
0.000000
0.000394
0.002831
0.416997
0.427974
0.967083
0.759523
0.249325
0.431392
0.307480
0.108255
0.858937
0.177168
0.133254
0.682851
0.596164
0.870947
0.856384
0.145188
0.304284
0.865913
0.807987
0.456248
0.558518
0.365103
0.665611
0.550921
0.739943
0.236550
0.275342
0.000061
0.473689
0.799925
0.205240
0.000000
0.363242
0.732890
0.697782
0.835402
0.682546
0.614109
0.702515
0.242156
0.795856
0.470585
0.156947
0.772907
0.803314
0.039034
0.878447
0.171996
0.315218
0.997303
0.747107
0.967243
0.960428
0.607408
0.002674
0.298960
0.422991
0.688710
0.432823
0.896291
0.074206
0.717294
0.327152
0.447348
0.442039
0.550030
0.563937
0.384417
0.596732
0.516997
0.479820
0.776742
0.989801
0.002831
0.490488
0.629869
0.903733
0.611405
0.246705
0.792254
0.220818
0.093527
0.612700
0.720260
0.540623
0.359689
0.602845
0.994743
0.000677
0.905950
0.697819
0.667101
0.684792
0.921480
0.572487
0.164238
0.904251
0.634072
0.497506
0.584355
0.689090
0.610567
0.750343
0.351419
0.477749
0.653190
0.621622
0.327683
0.511128
0.942245
0.018632
0.984598
0.365223
0.932014
0.462301
0.144586
0.547543
0.145586
0.361717
0.698085
0.448434
0.287647
0.675344
0.177935
0.961762
0.326706
0.360374
0.001084
0.659039
0.843643
0.891792
0.876800
0.933576
0.179055
0.006968
0.642253
0.470411
0.231326
0.527351
0.701720
0.788000
0.613767
0.239750
0.917775
0.914891
0.107334
0.989801
0.000000
0.000000
0.004442
0.059407
0.151542
0.378052
0.130504
0.840603
0.107289
0.490879
0.357758
0.099965
0.030836
0.070105
0.749939
0.652081
0.165220
0.878850
0.007311
0.437736
0.374314
0.211173
0.209473
0.715001
0.132409
0.129687
0.471282
0.288973
0.025730
0.962788
0.076706
0.253722
0.069603
0.880227
0.098276
0.100264
0.985411
0.363063
0.330964
0.300193
0.653993
0.080800
0.972169
0.013279
0.387187
0.024151
0.863805
0.594457
0.035167
0.219531
0.585186
0.424407
0.962474
0.002082
0.759159
0.026523
0.513081
0.922999
0.119225
0.826413
0.289664
0.575383
0.405992
0.572525
0.704405
0.065930
0.653496
0.550253
0.715378
0.512538
0.181224
0.433290
0.475822
0.000933
0.000000
0.124270
0.575759
0.167199
0.533329
0.508095
0.144776
0.495863
0.839026
0.542101
0.206282
0.735492
0.392608
0.040033
0.062156
0.058975
0.507410
0.170981
0.896828
0.049150
0.458651
0.846662
0.000000
0.224292
0.265179
0.017265
0.749131
0.068845
0.249210
0.031478
0.157136
0.321629
0.348059
0.030138
0.420660
0.837800
0.112918
0.088048
0.538667
0.432457
0.585564
0.574668
0.113726
0.826015
0.005599
0.390221
0.011240
0.423913
0.105011
0.113726
0.214689
0.843165
0.000372
0.418368
0.079715
0.578998
0.234384
0.943736
0.028889
0.000194
0.740499
0.624484
0.032800
0.905128
0.442882
0.120811
0.051814
0.005556
0.886284
0.051614
0.034930
0.964822
0.856168
0.000933
0.000162
0.033796
0.016251
0.404036
0.197362
0.017610
0.212501
0.453989
0.566371
0.253074
0.139403
0.422629
0.685097
0.100916
0.757336
0.022096
0.471073
0.003153
0.000867
0.656707
0.152629
0.577642
0.054776
0.142995
0.180728
0.195544
0.292799
0.440726
0.006062
0.209373
0.613424
0.296167
0.015392
0.249073
0.007212
0.075414
0.587832
0.567608
0.834165
0.093157
0.341778
0.018910
0.482494
0.005149
0.000114
0.009364
0.474073
0.042067
0.641336
0.361090
0.914793
0.125032
0.445958
0.393773
0.500941
0.002466
0.459097
0.407438
0.099763
0.245234
0.281407
0.465446
0.124799
0.977920
0.541436
0.279133
0.039389
0.121289
0.078790
0.328298
0.089562
0.054369
0.269787
0.019622
0.000162
0.047790
0.548359
0.129673
0.519796
0.894864
0.442612
0.302960
0.092390
0.735344
0.449454
0.380793
0.493760
0.161192
0.007060
0.018024
0.820116
0.184977
0.631244
0.420692
0.020144
0.199557
0.000281
0.003741
0.537303
0.005345
0.188575
0.070136
0.023591
0.797110
0.610910
0.438340
0.995126
0.634990
0.217099
0.575383
0.047779
0.037557
0.086399
0.061575
0.278039
0.219159
0.839638
0.118309
0.000167
0.511959
0.035680
0.608435
0.009448
0.563338
0.085404
0.300193
0.000914
0.828395
0.002411
0.368026
0.980294
0.717031
0.009018
0.000000
0.437100
0.122734
0.547432
0.306039
0.800964
0.174833
0.272052
0.975611
0.424110
0.208975
0.045131
0.559489
0.082140
0.019622
