0.806067
0.734786
0.572863
0.473409
0.845965
0.182575
0.110803
0.357283
0.491376
0.174798
0.024940
0.251113
0.358737
0.342065
0.196470
0.565285
0.501299
0.124593
0.676679
0.019539
0.567308
0.121934
0.192061
0.821856
0.533843
0.550884
0.031452
0.457586
0.894161
0.749498
0.302273
0.093487
0.948440
0.332712
0.350862
0.586471
0.080616
0.933640
0.582354
0.138284
0.468255
0.164499
0.134366
0.520015
0.166471
0.523879
0.215299
0.744527
0.089581
0.646421
0.972235
0.239684
0.603719
0.870888
0.032402
0.525303
0.157609
0.061143
0.777242
0.548137
0.615291
0.433190
0.970775
0.199999
0.044472
0.078155
0.201231
0.044749
0.858262
0.253908
0.189455
0.092887
0.191356
0.188483
0.806067
0.136864
0.824489
0.326065
0.244220
0.508203
0.275292
0.323204
0.381009
0.774020
0.051708
0.166438
0.539147
0.649710
0.242850
0.227638
0.776205
0.525925
0.699373
0.696872
0.886983
0.040828
0.252819
0.982821
0.568133
0.578885
0.096683
0.467943
0.618150
0.401001
0.750123
0.003343
0.205299
0.254627
0.200730
0.256749
0.128436
0.726213
0.174678
0.956783
0.697289
0.375414
0.977470
0.416964
0.323869
0.782586
0.196868
0.363722
0.202819
0.655484
0.113976
0.345705
0.891545
0.700206
0.712442
0.931862
0.764971
0.376057
0.796135
0.082938
0.210432
0.007726
0.536640
0.878936
0.648678
0.859763
0.589534
0.108221
0.652501
0.175194
0.478626
0.957833
0.382153
0.188483
0.625171
0.281808
0.881797
0.624866
0.536787
0.681366
0.371815
0.859946
0.491803
0.091757
0.970571
0.327487
0.660568
0.417160
0.046715
0.606191
0.093417
0.714625
0.805552
0.651545
0.625821
0.071181
0.969869
0.835597
0.322845
0.440558
0.631970
0.001114
0.378421
0.964442
0.565360
0.432290
0.804106
0.786022
0.499508
0.336654
0.512068
0.203890
0.148636
0.184222
0.797006
0.855612
0.439482
0.605544
0.914451
0.798328
0.249256
0.655063
0.359987
0.888735
0.754961
0.847799
0.951785
0.260016
0.189621
0.703233
0.587076
0.694786
0.941481
0.795751
0.439616
0.201772
0.687303
0.731698
0.377069
0.811094
0.843484
0.669621
0.404228
0.686352
0.809321
0.750674
0.187132
0.808193
0.625171
0.674925
0.491625
0.671720
0.414554
0.773194
0.772692
0.051234
0.010171
0.094010
0.405190
0.877032
0.434357
0.693610
0.550104
0.387780
0.175505
0.858170
0.413353
0.884741
0.757044
0.114191
0.152368
0.591124
0.016149
0.733597
0.773661
0.618608
0.898535
0.775453
0.028159
0.902589
0.672941
0.124322
0.198715
0.072896
0.802382
0.578809
0.898614
0.755217
0.936136
0.735975
0.898641
0.775668
0.912950
0.017324
0.303834
0.438609
0.661064
0.844694
0.680680
0.721797
0.200845
0.750931
0.016075
0.877523
0.618570
0.657854
0.137439
0.442140
0.322181
0.284779
0.043557
0.911959
0.259969
0.389813
0.117571
0.832893
0.121567
0.271881
0.549770
0.959923
0.348350
0.808193
0.312263
0.051532
0.532410
0.662020
0.361687
0.501945
0.253398
0.170998
0.854683
0.297966
0.899542
0.164319
0.124155
0.136180
0.937459
0.380454
0.532190
0.061088
0.534910
0.720747
0.106577
0.705501
0.858047
0.123014
0.278785
0.122137
0.784253
0.590632
0.928991
0.592298
0.698577
0.999366
0.670422
0.334410
0.247205
0.003682
0.293263
0.055092
0.009036
0.941461
0.571436
0.858998
0.241910
0.144850
0.737831
0.381349
0.325675
0.545134
0.829581
0.523222
0.115405
0.937689
0.934307
0.893944
0.703233
0.148831
0.091491
0.111668
0.529402
0.230357
0.834979
0.335943
0.765189
0.172881
0.694634
0.083562
0.022488
0.122111
0.830928
0.780168
0.100413
0.286502
0.777921
0.752984
0.312263
0.823457
0.662975
0.870208
0.473619
0.564910
0.334637
0.499115
0.728902
0.985807
0.935798
0.391947
0.900255
0.622843
0.741498
0.603377
0.397821
0.823657
0.793970
0.850599
0.726475
0.118593
0.948590
0.304576
0.473025
0.934542
0.647989
0.859151
0.254140
0.564723
0.647569
0.790183
0.601439
0.400810
0.903213
0.787365
0.160102
0.427511
0.194960
0.784855
0.674352
0.754193
0.062330
0.854466
0.928343
0.531272
0.098433
0.793935
0.477854
0.289843
0.175436
0.325452
0.219531
0.135167
0.875813
0.985233
0.622194
0.241620
0.007945
0.406667
0.463717
0.018231
0.296948
0.154078
0.973943
0.191171
0.097087
0.691446
0.639653
0.263124
0.221880
0.114839
0.217017
0.752984
0.999064
0.681823
0.468429
0.398106
0.896694
0.982643
0.737571
0.661791
0.106566
0.865643
0.843579
0.289177
0.768803
0.341634
0.861227
0.888541
0.145438
0.510513
0.066867
0.081268
0.334268
0.446568
0.094698
0.216423
0.512683
0.275638
0.711124
0.958670
0.655293
0.429930
0.247273
0.034787
0.180852
0.713722
0.182290
0.307961
0.571548
0.961058
0.426783
0.494544
0.406409
0.250975
0.856692
0.849971
0.939755
0.496648
0.044559
0.907534
0.208239
0.145217
0.117399
0.928522
0.200306
0.460612
0.140115
0.472816
0.872833
0.793480
0.221734
0.884769
0.209812
0.833774
0.981316
0.136222
0.201985
0.177604
0.745228
0.691483
0.297000
0.236462
0.780488
0.028444
0.549881
0.098832
0.999049
0.392482
0.713007
0.807850
0.578056
0.358203
0.530722
0.135277
0.374069
0.639500
0.552334
0.914254
0.116083
0.232104
0.150963
0.191616
0.108061
0.899092
0.514603
0.251136
0.051130
0.266813
0.869050
0.122543
0.859457
0.523441
0.912974
0.550030
0.241240
0.796065
0.646536
0.422597
0.962269
0.178669
0.534800
0.826644
0.972380
0.025846
0.941320
0.897656
0.902014
0.073605
0.700584
0.995117
0.217181
0.944874
0.715265
0.971970
0.789303
0.237936
0.695924
0.207189
0.858139
0.325397
0.134559
0.499007
0.148366
0.533439
0.108335
0.410567
0.787964
0.429930
0.586735
0.649366
0.527424
0.250470
0.096065
0.206656
0.700357
0.000074
0.135264
0.209014
0.892120
0.091138
0.005221
0.204946
0.167249
0.132640
0.568545
0.214465
0.171861
0.309730
0.897282
0.152921
0.086464
0.387655
0.418303
0.818975
0.392136
0.042969
0.807131
0.625553
0.025009
0.807028
0.903395
0.619790
0.888402
0.490275
0.008193
0.295881
0.718909
0.487227
0.629487
0.703347
0.270127
0.316417
0.520779
0.210151
0.919638
0.084859
0.240728
0.754705
0.781911
0.123167
0.731475
0.495292
0.654184
0.552520
0.070680
0.677289
0.568583
0.840988
0.247182
0.879969
0.538925
0.173632
0.954146
0.194021
0.416605
0.265875
0.600414
0.678127
0.597226
0.302115
0.082381
0.589004
0.806994
0.748653
0.973969
0.769741
0.339911
0.982284
0.111376
0.131988
0.548025
0.433990
0.633728
0.003160
0.005221
0.108884
0.716956
0.517288
0.801172
0.538446
0.114911
0.122390
0.396838
0.226405
0.254349
0.198409
0.653037
0.234210
0.737608
0.303701
0.231844
0.189308
0.150022
0.142980
0.431824
0.466694
0.190007
0.650054
0.691256
0.723071
0.836959
0.227340
0.688178
0.174558
0.819513
0.642368
0.173529
0.094192
0.598819
0.786235
0.716505
0.465585
0.640839
0.194378
0.367603
0.528962
0.109679
0.165040
0.119461
0.633767
0.456659
0.829483
0.433790
0.547543
0.239639
0.913566
0.656439
0.369599
0.321464
0.150083
0.952956
0.866603
0.480242
0.658962
0.815066
0.692395
0.131866
0.328914
0.171776
0.142342
0.845235
0.979095
0.072888
0.939796
0.167299
0.002830
0.105658
0.003290
0.317482
0.460302
0.275736
0.869733
0.177012
0.627768
0.955908
0.826048
0.685972
0.801967
0.273742
0.792009
0.239573
0.569784
0.727484
0.769416
0.654146
0.323842
0.944561
0.073395
0.447314
0.822691
0.876481
0.575759
0.230615
0.717708
0.147499
0.040719
0.895080
0.124812
0.472746
0.915403
0.202082
0.062323
0.356602
0.519396
0.756094
0.005249
0.576399
0.922487
0.960070
0.271296
0.236945
0.883160
0.418205
0.218374
0.739462
0.478520
0.016851
0.074541
0.132504
0.532410
0.881825
0.518996
0.110815
0.994549
0.071804
0.300324
0.740536
0.235585
0.697819
0.390534
0.035110
0.948534
0.071931
0.914671
0.564611
0.079048
0.635945
0.816990
0.002774
0.790288
0.313589
0.645159
0.317482
0.775847
0.323343
0.285159
0.057148
0.067313
0.397757
0.403140
0.053098
0.328802
0.267584
0.654375
0.665955
0.017183
0.038718
0.285640
0.892666
0.063114
0.914377
0.439952
0.552557
0.521144
0.973252
0.508528
0.670117
0.890034
0.538962
0.478205
0.625171
0.525194
0.488219
0.660338
0.383175
0.891655
0.091846
0.526583
0.345184
0.398773
0.057626
0.301113
0.195092
0.492479
0.499723
0.034747
0.821923
0.211454
0.632085
0.009225
0.853503
0.250700
0.463959
0.296557
0.431591
0.123359
0.202392
0.147111
0.086670
0.503345
0.579488
0.682432
0.155897
0.921457
0.872098
0.741054
0.216874
0.197837
0.658121
0.016400
0.025936
0.318933
0.538667
0.206518
0.630327
0.645159
0.372423
0.424440
0.073443
0.582731
0.855766
0.090454
0.405029
0.059768
0.675687
0.894377
0.457277
0.128053
0.606495
0.067045
0.279756
0.003807
0.416605
0.741091
0.114527
0.926402
0.760433
0.443693
0.270151
0.858077
0.951930
0.426882
0.453476
0.807953
0.783331
0.552260
0.610605
0.027640
0.503920
0.883386
0.019539
0.458891
0.950119
0.132872
0.555833
0.410858
0.363123
0.094586
0.246705
0.224123
0.725765
0.757992
0.075108
0.786129
0.705350
0.570459
0.019023
0.451224
0.872891
0.217202
0.324757
0.994600
0.109875
0.059929
0.454433
0.321629
0.252057
0.963829
0.138171
0.457105
0.450441
0.203949
0.080924
0.199730
0.412218
0.420266
0.326260
0.111586
0.274013
0.597909
0.343622
0.389876
0.000629
0.679461
0.157199
0.196130
0.234558
0.836083
0.950211
0.119847
0.673895
0.415563
0.293005
0.271344
0.483023
0.052345
0.684983
0.858077
0.979261
0.602655
0.769705
0.773087
0.840346
0.039801
0.994856
0.680337
0.474248
0.107652
0.716242
0.782053
0.103543
0.965426
0.272175
0.986870
0.736458
0.266692
0.566858
0.193422
0.552780
0.852163
0.207091
0.926379
0.628074
0.952074
0.426915
0.663434
0.499186
0.027297
0.083245
0.447009
0.174197
0.759960
0.238886
0.706106
0.807713
0.456694
0.054658
0.816721
0.486166
0.550996
0.046608
0.363482
0.117399
0.830272
0.663013
0.085441
0.178179
0.261815
0.797806
0.017303
0.688102
0.117081
0.346459
0.597909
0.154496
0.264102
0.383020
0.806925
0.460474
0.723108
0.889316
0.692547
0.495685
0.059115
0.191876
0.365584
0.427643
0.889924
0.388718
0.175160
0.740350
0.086858
0.093769
0.480031
0.765876
0.316853
0.979591
0.798536
0.706823
0.438810
0.679194
0.648486
0.991600
0.074976
0.236243
0.932450
0.870563
0.100221
0.706332
0.362075
0.616396
0.188446
0.800029
0.431591
0.789866
0.684564
0.937959
0.657701
0.184815
0.047615
0.647951
0.570609
0.429034
0.678432
0.217345
0.712216
0.608245
0.481543
0.593775
0.399123
0.418793
0.318906
0.683727
0.100338
0.949432
0.376824
0.507879
0.464374
0.898136
0.932949
0.312723
0.552855
0.922906
0.315137
0.743936
0.196925
0.054578
0.012737
0.154496
0.303966
0.944404
0.901831
0.920160
0.604479
0.783047
0.134407
0.539036
0.652693
0.808466
0.855797
0.891792
0.100413
0.627806
0.207249
0.385100
0.418336
0.383020
0.369629
0.028766
0.713459
0.815471
0.539405
0.254720
0.571210
0.063199
0.913542
0.885050
0.179934
0.897443
0.232775
0.283039
0.051767
0.972838
0.736495
0.435995
0.475612
0.778671
0.490666
0.440154
0.849909
0.936452
0.499616
0.293884
0.159129
0.681785
0.471351
0.858998
0.752654
0.563226
0.282486
0.144439
0.425957
0.045095
0.548693
0.756533
0.503093
0.559041
0.608511
0.502483
0.503237
0.494259
0.462128
0.653113
0.093067
0.933963
0.316035
0.300587
0.948100
0.805998
0.391350
0.306012
0.012737
0.010894
0.088143
0.331077
0.241575
0.639730
0.495435
0.045286
0.415823
0.089099
0.791658
0.646460
0.981430
0.468707
0.111399
0.493831
0.419939
0.060428
0.190838
0.153151
0.436731
0.256211
0.527205
0.202315
0.475402
0.802105
0.811401
0.247477
0.747659
0.106645
0.394152
0.153167
0.459476
0.884375
0.893998
0.875377
0.954515
0.349196
0.968295
0.190561
0.431525
0.195808
0.369205
0.989321
0.651240
0.196149
0.535131
0.748358
0.054590
0.595481
0.057632
0.478310
0.709540
0.754815
0.652884
0.702666
0.548990
0.142734
0.424011
0.916375
0.312642
0.747365
0.595784
0.910036
0.918613
0.961010
0.268841
0.421250
0.165368
0.368388
0.601933
0.358114
0.002774
0.259685
0.760470
0.010894
0.438877
0.276651
0.380608
0.182753
0.887150
0.970365
0.944776
0.179459
0.433957
0.735975
0.776670
0.881227
0.727222
0.059194
0.468533
0.303278
0.054702
0.159479
0.640915
0.107176
0.367331
0.389876
0.676374
0.177394
0.454297
0.746444
0.180393
0.598022
0.759523
0.861623
0.488148
0.356632
0.440490
0.514675
0.275021
0.581524
0.186914
0.472921
0.955493
0.747917
0.534910
0.444402
0.895888
0.011647
0.131177
0.221818
0.565135
0.161852
0.725727
0.863715
0.958503
0.835564
0.800063
0.046656
0.219573
0.343391
0.923022
0.418237
0.021480
0.014327
0.805998
0.886815
0.679690
0.329279
0.324813
0.376977
0.694748
0.293108
0.551925
0.889537
0.010016
0.300613
0.760470
0.267825
0.420955
0.146814
0.223052
0.347215
0.417486
0.430063
0.279283
0.552483
0.150083
0.402277
0.325675
0.139403
0.069811
0.545986
0.909810
0.190099
0.573089
0.579149
0.987143
0.949878
0.699297
0.439112
0.048999
0.118902
0.232949
0.486236
0.315490
0.843420
0.376885
0.478275
0.823724
0.971289
0.308282
0.267632
0.452281
0.837509
0.272077
0.311561
0.298201
0.319235
0.474108
0.226681
0.278785
0.041493
0.107606
0.534542
0.094708
0.364262
0.813372
0.667101
0.343218
0.125473
0.628608
0.034234
0.602655
0.859518
0.761960
0.545060
0.264078
0.591465
0.604061
0.728977
0.793585
0.342930
0.474737
0.233079
0.759814
0.927939
0.440423
0.990150
0.305506
0.408727
0.886256
0.267825
0.019069
0.888790
0.343247
0.898747
0.536972
0.271393
0.358203
0.636901
0.930324
0.402596
0.572375
0.195375
0.709729
0.233405
0.771685
0.103773
0.897309
0.448095
0.455357
0.063879
0.610415
0.398170
0.919138
0.422695
0.034588
0.794529
0.898162
0.270468
0.404324
0.876887
0.820552
0.529732
0.032303
0.353563
0.686086
0.687379
0.350569
0.231693
0.971276
0.032808
0.735604
0.355567
0.068019
0.651354
0.420496
0.667673
0.982083
0.771973
0.626470
0.938126
0.540475
0.801898
0.796658
0.765623
0.536751
0.095094
0.081454
0.261104
0.636213
0.855704
0.989021
0.252658
0.411699
0.906667
0.002265
0.516997
0.921926
0.473724
0.632276
0.251965
0.771361
0.435727
0.886256
