0.131934
0.110141
0.616282
0.585753
0.001048
0.656210
0.277915
0.951239
0.122619
0.456934
0.153938
0.173752
0.688862
0.084841
0.037222
0.168080
0.820786
0.037501
0.602313
0.180075
0.737571
0.393111
0.018591
0.841886
0.858231
0.608093
0.176664
0.674238
0.006209
0.646613
0.153167
0.762977
0.029209
0.949059
0.774952
0.486802
0.659497
0.440322
0.238223
0.163309
0.337025
0.366819
0.482177
0.535351
0.581750
0.613881
0.646077
0.230766
0.168146
0.248069
0.422827
0.065397
0.359719
0.672826
0.629449
0.502411
0.507302
0.981502
0.365073
0.648066
0.705501
0.163944
0.939385
0.127499
0.801310
0.065303
0.196982
0.831420
0.080353
0.348350
0.382277
0.596126
0.205103
0.571285
0.131934
0.920326
0.001985
0.046156
0.980273
0.094373
0.213127
0.409598
0.126986
0.708786
0.285387
0.803348
0.466902
0.639768
0.180234
0.525925
0.520015
0.190616
0.916303
0.071685
0.413905
0.346227
0.324452
0.568658
0.729611
0.198066
0.597795
0.105904
0.601477
0.545320
0.990081
0.963116
0.045323
0.518342
0.065230
0.092370
0.495007
0.442410
0.555163
0.399059
0.038673
0.476032
0.274997
0.341375
0.462439
0.599389
0.829285
0.127907
0.337937
0.900861
0.543691
0.076287
0.422827
0.296765
0.735567
0.618684
0.500404
0.644701
0.908625
0.522419
0.987143
0.935628
0.311049
0.272370
0.126502
0.032345
0.942883
0.688976
0.327851
0.408308
0.699221
0.284704
0.282209
0.571285
0.494758
0.485247
0.965680
0.101034
0.051199
0.451054
0.893265
0.152721
0.665764
0.037811
0.727185
0.103126
0.121896
0.207783
0.490986
0.698918
0.783154
0.275835
0.183594
0.491910
0.151817
0.959447
0.073113
0.466555
0.388061
0.061232
0.615253
0.767467
0.887763
0.744195
0.618722
0.989124
0.553971
0.052500
0.424769
0.137861
0.112504
0.920727
0.920821
0.602313
0.660606
0.684868
0.988760
0.401926
0.011968
0.013464
0.113845
0.774952
0.718046
0.808227
0.855364
0.748579
0.216956
0.160134
0.422892
0.415270
0.938953
0.776956
0.023271
0.132219
0.835726
0.320664
0.500260
0.570159
0.197552
0.788528
0.242962
0.596770
0.818640
0.364262
0.020015
0.646421
0.790253
0.438105
0.494758
0.574254
0.292335
0.417943
0.133871
0.605734
0.823324
0.430162
0.568208
0.724194
0.121025
0.897202
0.250585
0.711952
0.160166
0.017050
0.458238
0.099382
0.830337
0.968792
0.592260
0.520925
0.175920
0.938891
0.905231
0.326734
0.970721
0.877552
0.646918
0.747291
0.175712
0.955302
0.992614
0.502017
0.962960
0.840539
0.911635
0.435360
0.771829
0.449692
0.124580
0.848903
0.489885
0.178127
0.478801
0.956390
0.555833
0.544764
0.956578
0.912133
0.028076
0.700622
0.458273
0.079040
0.840764
0.636977
0.182539
0.068974
0.901883
0.841437
0.976048
0.534064
0.718909
0.958236
0.621660
0.274775
0.879338
0.898774
0.709993
0.057200
0.899648
0.502483
0.411052
0.438105
0.116886
0.988654
0.554269
0.669621
0.637665
0.081312
0.908776
0.131393
0.681480
0.826181
0.947874
0.834946
0.141664
0.385038
0.080616
0.011429
0.875726
0.835207
0.647339
0.353975
0.425429
0.762941
0.117338
0.071386
0.900492
0.849909
0.745006
0.962348
0.568133
0.058212
0.890997
0.669582
0.338166
0.474213
0.938105
0.999426
0.357580
0.239750
0.589496
0.104424
0.511742
0.000253
0.117057
0.337738
0.923278
0.129246
0.290920
0.968209
0.477959
0.049358
0.185356
0.333617
0.244512
0.811673
0.910312
0.182950
0.447857
0.389845
0.096570
0.753900
0.342612
0.304922
0.680795
0.576738
0.829186
0.068944
0.677212
0.253768
0.671338
0.751224
0.093087
0.777206
0.074509
0.211836
0.116886
0.470620
0.433723
0.396648
0.501120
0.928813
0.786093
0.810072
0.984368
0.605848
0.024712
0.968181
0.915720
0.044826
0.249782
0.912777
0.774701
0.665153
0.656287
0.754559
0.792885
0.828000
0.932841
0.068990
0.088191
0.756752
0.608169
0.429830
0.135888
0.403876
0.837185
0.117461
0.924319
0.192192
0.195450
0.019548
0.729313
0.977470
0.515509
0.804589
0.420856
0.508997
0.757190
0.715378
0.960865
0.606799
0.808227
0.368812
0.168947
0.815066
0.678737
0.451804
0.328410
0.433924
0.799474
0.962882
0.808808
0.560385
0.180852
0.747770
0.589875
0.301772
0.468811
0.082220
0.814930
0.318988
0.591048
0.992796
0.055925
0.950082
0.297365
0.378267
0.165171
0.211836
0.130289
0.926402
0.145085
0.861136
0.720372
0.720785
0.623148
0.427345
0.471421
0.719622
0.129446
0.293884
0.958052
0.628494
0.487723
0.316062
0.454981
0.829943
0.969814
0.492052
0.773912
0.077635
0.716430
0.778885
0.094131
0.719209
0.020362
0.754302
0.880656
0.842526
0.038325
0.025893
0.875406
0.390817
0.717445
0.486625
0.407503
0.771721
0.867262
0.065455
0.262861
0.807439
0.584884
0.937730
0.373886
0.517506
0.481896
0.784253
0.382897
0.471351
0.565847
0.708295
0.424703
0.852911
0.166174
0.907330
0.496041
0.620172
0.944424
0.288233
0.206755
0.853223
0.289408
0.382184
0.269836
0.412444
0.740202
0.513081
0.688862
0.678966
0.321657
0.802209
0.317509
0.771721
0.130289
0.631397
0.330402
0.653037
0.292103
0.661638
0.018885
0.129566
0.431359
0.952129
0.935946
0.605848
0.645198
0.715528
0.367452
0.908877
0.317181
0.326789
0.221547
0.294013
0.484117
0.317455
0.443051
0.447959
0.294039
0.265419
0.982977
0.127446
0.230981
0.148921
0.871184
0.984690
0.923626
0.445789
0.318549
0.460818
0.789057
0.075854
0.564835
0.806548
0.026920
0.862200
0.564798
0.926333
0.125771
0.537082
0.000560
0.506005
0.018028
0.616663
0.965185
0.357758
0.538483
0.888180
0.834458
0.209672
0.017665
0.513081
0.008338
0.010429
0.582920
0.972746
0.199270
0.733820
0.679233
0.654872
0.122454
0.051720
0.643668
0.423814
0.211013
0.626813
0.887986
0.771721
0.023368
0.409211
0.485105
0.723333
0.103707
0.122010
0.644624
0.941622
0.424901
0.298881
0.090736
0.223115
0.554455
0.457174
0.899754
0.399695
0.333023
0.985313
0.220839
0.447043
0.436095
0.652731
0.361209
0.774988
0.767612
0.819110
0.438038
0.030799
0.794215
0.056604
0.141549
0.356306
0.402437
0.424835
0.913024
0.182219
0.759596
0.209373
0.078318
0.990471
0.827702
0.767431
0.432890
0.750049
0.094363
0.823024
0.522675
0.065952
0.529732
0.348000
0.360791
0.541325
0.174936
0.873331
0.071780
0.722771
0.468707
0.760033
0.464097
0.100317
0.565847
0.714249
0.208338
0.343651
0.459201
0.449420
0.060638
0.072336
0.274258
0.579525
0.789796
0.571623
0.909533
0.214506
0.025583
0.775346
0.164026
0.359183
0.556243
0.780559
0.255046
0.183540
0.559900
0.903603
0.139417
0.499759
0.196186
0.341375
0.521873
0.536824
0.001724
0.933187
0.160390
0.294220
0.251942
0.318686
0.097170
0.593510
0.139716
0.587227
0.884600
0.537008
0.673551
0.954813
0.836505
0.608968
0.774522
0.116800
0.615405
0.507771
0.003930
0.486731
0.888347
0.332769
0.017693
0.126267
0.673246
0.581524
0.190708
0.303887
0.692888
0.011307
0.597188
0.546653
0.678204
0.346924
0.536272
0.821321
0.313264
0.249645
0.105870
0.739128
0.192564
0.237385
0.442714
0.445823
0.186569
0.218993
0.127183
0.562927
0.193722
0.032662
0.555200
0.952020
0.225283
0.745744
0.011759
0.214506
0.877090
0.607865
0.270346
0.985233
0.011689
0.723333
0.535167
0.745043
0.941562
0.403972
0.778563
0.934478
0.158796
0.182557
0.158558
0.422827
0.587454
0.531162
0.261531
0.880141
0.461128
0.398646
0.957259
0.566633
0.851600
0.793900
0.743826
0.717933
0.485883
0.605354
0.079109
0.787894
0.589193
0.894432
0.493190
0.802002
0.511236
0.335062
0.239440
0.839026
0.488325
0.846503
0.793795
0.396680
0.635563
0.087177
0.134091
0.691939
0.438407
0.746813
0.098464
0.658236
0.312993
0.007292
0.972524
0.421677
0.712178
0.752508
0.619333
0.696910
0.558780
0.958253
0.480804
0.489034
0.534358
0.617616
0.285133
0.036044
0.245031
0.824588
0.285437
0.521654
0.672903
0.677174
0.877090
0.654260
0.899410
0.996064
0.779562
0.911187
0.574555
0.857832
0.194359
0.482389
0.313806
0.712178
0.759960
0.512032
0.108770
0.776956
0.429532
0.012564
0.124425
0.466347
0.269084
0.548656
0.605696
0.323509
0.298960
0.675420
0.825883
0.130275
0.771937
0.739647
0.147067
0.278461
0.904406
0.706899
0.186261
0.418172
0.941864
0.833317
0.116544
0.560609
0.114827
0.333306
0.806376
0.663434
0.855147
0.362823
0.182237
0.769633
0.239795
0.677670
0.477994
0.180534
0.391853
0.448944
0.374222
0.102613
0.159272
0.217551
0.181206
0.204457
0.925467
0.679194
0.321271
0.539147
0.299065
0.057671
0.128582
0.802313
0.965110
0.125045
0.946769
0.514639
0.982771
0.677174
0.431758
0.438340
0.191486
0.373093
0.148081
0.615901
0.918590
0.166686
0.538151
0.209034
0.521982
0.737905
0.937543
0.346169
0.809799
0.194791
0.144703
0.528706
0.240995
0.050368
0.530392
0.342526
0.985702
0.818875
0.851538
0.614186
0.255652
0.322651
0.975452
0.424044
0.059035
0.410923
0.108518
0.456591
0.448468
0.687607
0.640303
0.630633
0.500153
0.122505
0.808911
0.871626
0.679804
0.705086
0.580619
0.288258
0.221026
0.218539
0.640418
0.040307
0.894161
0.180958
0.757226
0.366608
0.895080
0.030234
0.134146
0.993731
0.485282
0.077161
0.484787
0.014781
0.316635
0.165187
0.479785
0.949525
0.800895
0.631779
0.451599
0.597567
0.180287
0.802278
0.193553
0.001698
0.432124
0.387249
0.326761
0.288182
0.122137
0.399091
0.035760
0.240639
0.323786
0.333759
0.753057
0.948703
0.313210
0.356159
0.729909
0.116752
0.658465
0.520852
0.922673
0.197039
0.026536
0.014942
0.077339
0.717670
0.855643
0.369387
0.220672
0.301271
0.404292
0.405093
0.181437
0.041136
0.683232
0.474422
0.834198
0.264078
0.780346
0.866033
0.710370
0.466313
0.808877
0.784890
0.033191
0.704443
0.735269
0.413353
0.237495
0.618570
0.763993
0.745560
0.435126
0.709012
0.619371
0.858661
0.726176
0.926356
0.472083
0.756496
0.723146
0.282260
0.700547
0.982124
0.781875
0.940834
0.160774
0.310510
0.714625
0.423221
0.718721
0.901700
0.442984
0.182165
0.179178
0.001698
0.076045
0.683689
0.328746
0.328382
0.161626
0.704670
0.818270
0.682699
0.321491
0.958203
0.338023
0.453715
0.077381
0.421972
0.338137
0.567345
0.261649
0.001808
0.667177
0.314132
0.752251
0.717144
0.687569
0.498578
0.113690
0.947380
0.189897
0.103301
0.992022
0.283744
0.463199
0.070907
0.973265
0.437334
0.798328
0.980058
0.851725
0.682128
0.177499
0.915550
0.888430
0.641144
0.039329
0.383920
0.159002
0.436966
0.755765
0.004652
0.028303
0.916327
0.821923
0.036463
0.163049
0.200865
0.092073
0.316526
0.164679
0.450952
0.212885
0.490879
0.020647
0.351507
0.352945
0.613995
0.646536
0.232407
0.419120
0.649825
0.508203
0.419906
0.313020
0.836894
0.068177
0.395889
0.076045
0.064760
0.332289
0.993797
0.246161
0.386127
0.420660
0.791307
0.218333
0.408727
0.990936
0.615786
0.972955
0.344720
0.150295
0.620057
0.428338
0.578960
0.323177
0.498113
0.864258
0.149977
0.263338
0.117608
0.587870
0.239152
0.214221
0.932624
0.481684
0.716768
0.143155
0.007018
0.948176
0.260630
0.894323
0.473968
0.130920
0.661905
0.624599
0.433290
0.840731
0.708673
0.567196
0.192750
0.611824
0.735047
0.712819
0.139403
0.740499
0.954058
0.844567
0.209413
0.775203
0.036620
0.419415
0.734452
0.760470
0.737052
0.727708
0.810617
0.194810
0.804657
0.615481
0.754266
0.719172
0.295595
0.882337
0.065784
0.257264
0.972629
0.111516
0.975660
0.936936
0.395889
0.037820
0.203812
0.519505
0.905128
0.461094
0.342180
0.530355
0.764537
0.537193
0.527864
0.772584
0.980815
0.877321
0.114779
0.203949
0.347971
0.716994
0.770569
0.088191
0.882451
0.852973
0.170374
0.788317
0.849249
0.830304
0.533660
0.592639
0.192676
0.316581
0.553450
0.253398
0.477784
0.658121
0.345618
0.353827
0.685021
0.404709
0.076262
0.425363
0.101551
0.715415
0.068275
0.230185
0.677289
0.071543
0.444368
0.455323
0.796832
0.876278
0.577566
0.943558
0.157609
0.947228
0.323925
0.385660
0.348933
0.108953
0.454365
0.249645
0.211334
0.172472
0.117927
0.490879
0.223640
0.258226
0.013140
0.619867
0.200556
0.269132
0.055736
0.080844
0.199480
0.632353
0.119002
0.037820
0.796274
0.852100
0.862200
0.705086
0.894080
0.212521
0.924273
0.969508
0.920207
0.055517
0.774020
0.356040
0.486519
0.440188
0.086119
0.476767
0.699524
0.408469
0.786093
0.144336
0.703498
0.008692
0.426684
0.476977
0.328942
0.723520
0.756533
0.690610
0.185917
0.705954
0.854962
0.197628
0.320142
0.437267
0.088172
0.638659
0.227468
0.490240
0.780452
0.953277
0.316772
0.204985
0.666490
0.778599
0.589648
0.214648
0.495863
0.412671
0.096508
0.336968
0.434825
0.511417
0.737534
0.773733
0.797563
0.701417
0.647607
0.929237
0.767251
0.163358
0.603225
0.055680
0.175074
0.895323
0.438844
0.358411
0.136711
0.105747
0.664007
0.918494
0.035262
0.608055
0.119002
0.336341
0.243905
0.771937
0.494365
0.176110
0.349196
0.012020
0.224186
0.507951
0.334892
0.623568
0.915282
0.728604
0.822324
0.164499
0.184509
0.983919
0.352945
0.979459
0.682775
0.118334
0.788387
0.207249
0.814896
0.718609
0.820987
0.492977
0.018684
0.977248
0.832827
0.180269
0.166455
0.712480
0.023978
0.192396
0.563151
0.850473
0.373947
0.535131
0.144029
0.626432
0.397282
0.696493
0.218911
0.454228
0.109034
0.206597
0.287621
0.093257
0.507122
0.810686
0.885696
0.913197
0.918590
0.425891
0.562329
0.191152
0.309328
0.156445
0.721760
0.945011
0.769885
0.297548
0.376916
0.029675
0.503273
0.818337
0.918828
0.179002
0.646307
0.652196
0.317373
0.526802
0.204828
0.343998
0.624828
0.410179
0.233383
0.020674
0.296297
0.199653
0.027427
0.802658
0.324174
0.836764
0.803452
0.049702
0.155413
0.500153
0.723520
0.411699
0.261673
0.116861
0.756934
0.945089
0.005360
0.823657
0.480418
0.510152
0.772188
0.182059
0.540032
0.674848
0.775203
0.705501
0.838123
0.919353
0.035743
0.634875
0.705199
0.697971
0.040847
0.470237
0.894918
0.271198
0.156210
0.218086
0.440860
0.011310
0.227042
0.353033
0.643362
0.214221
0.006552
0.981389
0.317236
0.604746
0.933187
0.002126
0.398551
0.006883
0.125551
0.507987
0.013815
0.531749
0.339625
0.107640
0.922019
0.772260
0.037557
0.963334
0.009489
0.601287
0.511417
0.283467
0.468116
0.830534
0.204828
