0.197647
0.249782
0.391664
0.829417
0.762396
0.020374
0.516416
0.802313
0.787612
0.695545
0.202082
0.621851
0.681442
0.277418
0.924664
0.205829
0.154279
0.389406
0.324036
0.743013
0.579375
0.151389
0.988502
0.728492
0.717107
0.266861
0.404452
0.552148
0.911312
0.654948
0.668704
0.906258
0.741645
0.803383
0.231909
0.293651
0.854435
0.915769
0.568996
0.920538
0.262267
0.513588
0.606951
0.226787
0.005960
0.710068
0.270419
0.310295
0.711990
0.994137
0.586017
0.302379
0.123731
0.668819
0.328606
0.842494
0.008239
0.543099
0.901622
0.266789
0.079186
0.105814
0.007423
0.285944
0.736421
0.941320
0.111528
0.976337
0.505106
0.940733
0.572487
0.753680
0.286096
0.172013
0.197647
0.766564
0.167947
0.694862
0.618417
0.868276
0.998901
0.776026
0.297966
0.556131
0.232558
0.124335
0.187825
0.047713
0.905102
0.396617
0.659039
0.219180
0.427345
0.796483
0.226151
0.892993
0.512140
0.439112
0.130853
0.704216
0.115743
0.547061
0.603339
0.426585
0.757883
0.749902
0.329363
0.862594
0.213147
0.558481
0.202664
0.788352
0.873507
0.608131
0.258038
0.927421
0.246660
0.870474
0.803279
0.199807
0.340485
0.471142
0.389312
0.180446
0.922230
0.722059
0.483587
0.920373
0.610757
0.978023
0.446704
0.444165
0.604137
0.525778
0.260725
0.733894
0.923417
0.897736
0.813236
0.246524
0.825020
0.958320
0.949674
0.299930
0.385411
0.217222
0.224924
0.172013
0.512393
0.161594
0.246909
0.217140
0.342267
0.084291
0.174232
0.894810
0.137341
0.970035
0.155211
0.806548
0.495435
0.060842
0.029480
0.446094
0.013832
0.542027
0.227170
0.142821
0.338823
0.044248
0.258719
0.291023
0.224481
0.082578
0.125330
0.127749
0.674848
0.201579
0.905591
0.423452
0.005990
0.668742
0.707163
0.392167
0.007258
0.483940
0.364172
0.887206
0.336284
0.268260
0.910587
0.082023
0.280481
0.980783
0.469263
0.221317
0.878504
0.017914
0.418793
0.870237
0.414489
0.666757
0.142140
0.349838
0.140315
0.111305
0.135139
0.377806
0.716543
0.105859
0.588777
0.313969
0.998918
0.291048
0.063545
0.505861
0.762033
0.650437
0.729797
0.561282
0.009381
0.291691
0.512393
0.885163
0.900992
0.303913
0.988426
0.516707
0.927669
0.720072
0.854062
0.373764
0.854900
0.403332
0.599351
0.853627
0.650704
0.197533
0.450032
0.909583
0.666604
0.641068
0.734266
0.850881
0.972353
0.266861
0.751811
0.838768
0.702401
0.599085
0.121189
0.465516
0.349429
0.123206
0.601857
0.237892
0.895861
0.822090
0.743198
0.816788
0.266981
0.803624
0.380948
0.930853
0.559750
0.360017
0.887206
0.950229
0.494401
0.088850
0.190339
0.552818
0.721460
0.855704
0.460164
0.830863
0.999318
0.982304
0.616511
0.413612
0.984293
0.798397
0.823724
0.679652
0.603833
0.887401
0.808398
0.841694
0.672826
0.408147
0.414489
0.697061
0.022152
0.734080
0.100349
0.291691
0.327851
0.773051
0.614491
0.291125
0.801379
0.527132
0.311291
0.220008
0.457071
0.420725
0.752911
0.178197
0.757445
0.915720
0.352445
0.438005
0.030803
0.281306
0.779134
0.714776
0.702212
0.550550
0.186188
0.853067
0.521545
0.426519
0.932472
0.736681
0.412704
0.562553
0.923857
0.421513
0.629525
0.218684
0.083735
0.441500
0.396427
0.059507
0.327348
0.538446
0.503812
0.005996
0.122976
0.709502
0.482389
0.505106
0.772476
0.148997
0.509935
0.597188
0.515400
0.342699
0.465931
0.220943
0.533476
0.372271
0.687151
0.024923
0.996124
0.543247
0.145512
0.533733
0.134918
0.477959
0.891079
0.719360
0.363662
0.576248
0.676641
0.333532
0.772584
0.294557
0.751004
0.247864
0.327851
0.420430
0.259473
0.862807
0.383765
0.048327
0.173000
0.469367
0.005285
0.544801
0.546394
0.169953
0.601173
0.993252
0.078326
0.602845
0.153985
0.159766
0.884064
0.494544
0.071362
0.344200
0.577755
0.331584
0.390158
0.154542
0.871124
0.403620
0.544949
0.424868
0.258484
0.212380
0.822524
0.320775
0.043552
0.090123
0.624255
0.761379
0.434191
0.467596
0.006660
0.488431
0.873566
0.547247
0.367301
0.421020
0.046736
0.533072
0.794599
0.746260
0.308389
0.944952
0.480031
0.115332
0.978838
0.367965
0.006230
0.202644
0.821823
0.377806
0.542544
0.335204
0.786553
0.199634
0.306359
0.394183
0.263004
0.440221
0.656287
0.022112
0.077551
0.180817
0.350131
0.247864
0.903135
0.663586
0.325675
0.088296
0.922019
0.754302
0.794494
0.078318
0.704367
0.718346
0.171420
0.205005
0.937668
0.901726
0.463613
0.707427
0.613309
0.030785
0.752434
0.319647
0.148216
0.885303
0.057710
0.827570
0.935671
0.488537
0.222884
0.023647
0.906335
0.853036
0.483058
0.971970
0.398996
0.366758
0.364412
0.812523
0.740906
0.070860
0.670804
0.874881
0.195563
0.150522
0.853316
0.841533
0.585148
0.307212
0.296427
0.021057
0.579111
0.561132
0.591730
0.476767
0.442444
0.734340
0.957462
0.738461
0.242424
0.062114
0.136599
0.591919
0.234864
0.034399
0.476242
0.129007
0.140358
0.941602
0.244400
0.342468
0.759050
0.496720
0.581071
0.679080
0.802796
0.338909
0.903135
0.861014
0.792394
0.724792
0.693648
0.806273
0.504351
0.608055
0.715979
0.455357
0.744785
0.651775
0.432424
0.624408
0.077865
0.227255
0.714512
0.991355
0.225368
0.262861
0.507230
0.912999
0.653419
0.899965
0.779883
0.432457
0.258155
0.639844
0.224966
0.082713
0.950322
0.653725
0.914915
0.310645
0.986687
0.778920
0.599465
0.755985
0.466174
0.183289
0.845520
0.546283
0.430594
0.599996
0.227937
0.592563
0.583298
0.945205
0.074166
0.924641
0.989153
0.215789
0.758430
0.879109
0.472711
0.513914
0.612738
0.806925
0.326817
0.555312
0.786129
0.548396
0.944444
0.792885
0.893102
0.772476
0.319317
0.369902
0.958169
0.120272
0.748837
0.863533
0.458135
0.338909
0.907686
0.347302
0.645733
0.768984
0.075273
0.278312
0.942824
0.380793
0.701985
0.298750
0.892993
0.541251
0.481262
0.104712
0.169802
0.055049
0.285564
0.411829
0.242648
0.664121
0.378021
0.840635
0.341634
0.315028
0.621049
0.843707
0.011874
0.352299
0.708107
0.080783
0.796832
0.210032
0.535683
0.152629
0.604556
0.699221
0.225220
0.027857
0.776384
0.405382
0.071622
0.040536
0.560012
0.192378
0.345155
0.329026
0.101778
0.496577
0.127078
0.281382
0.259237
0.037357
0.732629
0.552855
0.923626
0.373978
0.540697
0.045203
0.410405
0.814863
0.542396
0.966379
0.120097
0.735530
0.756934
0.324396
0.144938
0.217901
0.685097
0.310995
0.644089
0.398106
0.772871
0.299536
0.907686
0.840828
0.433757
0.317099
0.404452
0.568733
0.581185
0.148846
0.644624
0.452418
0.322817
0.567795
0.589458
0.372606
0.968636
0.953009
0.423353
0.215463
0.010998
0.060537
0.515038
0.386252
0.757992
0.346779
0.721984
0.627845
0.897603
0.250378
0.685896
0.230271
0.924157
0.159543
0.145350
0.062602
0.329110
0.170930
0.946077
0.300718
0.131109
0.522711
0.354358
0.079074
0.070532
0.546060
0.905308
0.235980
0.611824
0.226469
0.159910
0.095084
0.559377
0.052559
0.643783
0.470550
0.795577
0.255698
0.164696
0.713873
0.049561
0.814423
0.732964
0.866843
0.178827
0.688710
0.570835
0.815269
0.344720
0.488183
0.347244
0.528376
0.099424
0.791553
0.039252
0.299536
0.162434
0.745523
0.442646
0.596543
0.546802
0.870740
0.673933
0.518923
0.129780
0.877090
0.288743
0.800341
0.092113
0.852412
0.998921
0.891354
0.354122
0.147499
0.738090
0.430262
0.391507
0.580657
0.862261
0.052446
0.503201
0.557660
0.819882
0.836051
0.279781
0.592790
0.448129
0.912504
0.814524
0.026716
0.197172
0.828296
0.570459
0.460233
0.044960
0.173803
0.982103
0.812761
0.540032
0.687455
0.296323
0.362823
0.085459
0.409114
0.107425
0.696000
0.693268
0.963659
0.969814
0.649672
0.306839
0.573202
0.843643
0.121088
0.513154
0.690382
0.465066
0.349050
0.260772
0.172762
0.591843
0.687683
0.407567
0.991779
0.988125
0.179705
0.349225
0.151267
0.055398
0.836473
0.155491
0.273693
0.180357
0.454023
0.656975
0.986110
0.944502
0.332599
0.954480
0.977747
0.429499
0.285184
0.224229
0.055360
0.176595
0.739573
0.554232
0.006892
0.627997
0.585790
0.944718
0.425891
0.824156
0.426122
0.516271
0.161417
0.511272
0.716129
0.300035
0.774450
0.563862
0.480840
0.014436
0.403620
0.918254
0.714437
0.603339
0.386563
0.940428
0.954269
0.397377
0.818640
0.796658
0.949804
0.075762
0.963022
0.226957
0.589118
0.555424
0.351038
0.698160
0.040321
0.323703
0.764718
0.250309
0.117731
0.419513
0.247637
0.240394
0.043317
0.355981
0.071883
0.106240
0.075571
0.536124
0.852693
0.214160
0.140372
0.099329
0.657013
0.308443
0.932927
0.374039
0.836473
0.907330
0.650284
0.763195
0.728268
0.859488
0.120924
0.743715
0.139872
0.588361
0.851757
0.132423
0.174077
0.632888
0.261839
0.971611
0.029358
0.783686
0.552185
0.816653
0.721835
0.973918
0.608359
0.129553
0.967229
0.289843
0.979117
0.549287
0.740017
0.854341
0.676679
0.641986
0.497934
0.505790
0.146547
0.996532
0.121113
0.336882
0.816079
0.975818
0.380022
0.162790
0.488112
0.849469
0.516198
0.550698
0.372149
0.970897
0.231132
0.058023
0.781378
0.396237
0.234733
0.936873
0.059128
0.066711
0.339625
0.591730
0.055774
0.966497
0.499258
0.022123
0.398742
0.911561
0.345270
0.804726
0.345531
0.005763
0.717783
0.022670
0.277940
0.305081
0.922393
0.338909
0.678127
0.907330
0.774952
0.808979
0.793480
0.357195
0.618913
0.908422
0.980219
0.797702
0.967880
0.197875
0.302036
0.219324
0.111927
0.766564
0.501407
0.634569
0.604974
0.257827
0.685972
0.046554
0.593662
0.550810
0.227681
0.356366
0.723632
0.505682
0.696076
0.592184
0.649328
0.292954
0.888569
0.860343
0.973637
0.605012
0.416801
0.401447
0.667826
0.375353
0.294013
0.037361
0.778385
0.277220
0.199960
0.414522
0.491874
0.000687
0.706748
0.195205
0.404292
0.731586
0.756240
0.658045
0.031172
0.565247
0.986024
0.385971
0.899198
0.295725
0.595253
0.463855
0.063580
0.654757
0.293677
0.718271
0.554679
0.921926
0.902302
0.331161
0.876336
0.211033
0.887513
0.840346
0.678127
0.558929
0.658962
0.264939
0.565360
0.925969
0.817428
0.904612
0.764863
0.092808
0.790815
0.743419
0.568358
0.063156
0.730208
0.507122
0.440154
0.006740
0.429565
0.772224
0.928432
0.118433
0.337367
0.752471
0.052458
0.109471
0.343045
0.051014
0.183827
0.388780
0.064214
0.199768
0.313400
0.151603
0.335148
0.030698
0.825120
0.538704
0.361329
0.774199
0.803521
0.221192
0.738202
0.967793
0.424802
0.922160
0.800548
0.348233
0.028013
0.040974
0.767070
0.681785
0.652081
0.666222
0.833415
0.037509
0.403556
0.752471
0.247227
0.152874
0.889924
0.537524
0.316281
0.659192
0.564723
0.669659
0.722172
0.023059
0.962142
0.318275
0.713572
0.443490
0.631397
0.075987
0.860740
0.558929
0.932341
0.794075
0.899701
0.502950
0.441264
0.843356
0.588286
0.214343
0.940041
0.382618
0.575496
0.466070
0.111118
0.130115
0.445146
0.049033
0.585073
0.047632
0.880799
0.359957
0.684069
0.164368
0.628456
0.232125
0.149087
0.625401
0.472990
0.012597
0.376057
0.262457
0.005505
0.242268
0.294557
0.365283
0.212986
0.423156
0.965993
0.048643
0.975976
0.483764
0.018335
0.653840
0.292489
0.303648
0.361538
0.651431
0.811775
0.788881
0.363482
0.902171
0.104712
0.310107
0.729387
0.239706
0.248229
0.997200
0.213674
0.654146
0.818034
0.754632
0.874648
0.037218
0.083471
0.202160
0.095298
0.817327
0.668399
0.123487
0.066290
0.801241
0.283719
0.890309
0.860740
0.079074
0.181934
0.594609
0.000105
0.363842
0.981523
0.197609
0.649978
0.065813
0.016485
0.048190
0.433823
0.801829
0.721047
0.256235
0.462266
0.140673
0.930589
0.363842
0.012608
0.058540
0.195714
0.621393
0.662975
0.114251
0.673666
0.126358
0.848840
0.534800
0.934499
0.827372
0.734303
0.650016
0.726998
0.644624
0.228214
0.004449
0.848462
0.141218
0.316881
0.411279
0.564311
0.475647
0.086445
0.410018
0.246025
0.074911
0.721385
0.229927
0.188044
0.544616
0.519032
0.187515
0.462266
0.828395
0.098150
0.664007
0.488892
0.185320
0.662746
0.967447
0.568245
0.860709
0.774844
0.111786
0.304072
0.243276
0.258014
0.680071
0.455734
0.538556
0.855457
0.814998
0.745265
0.079074
0.645962
0.902406
0.327711
0.973458
0.773123
0.612776
0.343420
0.621965
0.921269
0.074878
0.573314
0.936831
0.998092
0.974611
0.995195
0.874940
0.404548
0.424670
0.044811
0.669659
0.906922
0.618227
0.110897
0.064365
0.325230
0.721310
0.591502
0.481684
0.467769
0.931665
0.142183
0.502268
0.727745
0.998156
0.703422
0.331556
0.113167
0.983625
0.580694
0.946347
0.895888
0.190727
0.779134
0.605886
0.312371
0.161594
0.582656
0.282109
0.312723
0.563600
0.822791
0.147231
0.546172
0.700282
0.396205
0.836116
0.786941
0.329251
0.496755
0.131947
0.109080
0.100616
0.149072
0.303728
0.702174
0.113726
0.447043
0.432723
0.261246
0.100852
0.202897
0.277022
0.736198
0.299877
0.880856
0.366096
0.540365
0.366728
0.682394
0.775382
0.289843
0.742052
0.581335
0.404580
0.260299
0.311022
0.754266
0.942923
0.274283
0.424670
0.242223
0.876191
0.757299
0.204320
0.391193
0.335290
0.498900
0.057058
0.395351
0.663472
0.325591
0.795088
0.042413
0.849060
0.627043
0.250677
0.772512
0.167266
0.582052
0.007814
0.883923
0.194096
0.732741
0.823024
0.748027
0.110234
0.783012
0.046374
0.166620
0.698236
0.739536
0.075397
0.049459
0.538741
0.409307
0.363242
0.977225
0.903135
0.254604
0.258108
0.464097
0.802105
0.657013
0.049986
0.293315
0.778849
0.731810
0.388061
0.367512
0.121050
0.980433
0.523149
0.716242
0.517288
0.664121
0.183486
0.195261
0.299877
0.155819
0.570835
0.605240
0.733038
0.583449
0.432557
0.879367
0.733076
0.742422
0.376793
0.615520
0.468533
0.138595
0.161787
0.278387
0.392010
0.547988
0.894513
0.538114
0.368237
0.164597
0.906999
0.304629
0.194040
0.146606
0.668284
0.986986
0.913862
0.219904
0.263314
0.730953
0.189474
0.128264
0.315273
0.517978
0.134435
0.839832
0.295439
0.432923
0.083880
0.417617
0.933295
0.455940
0.899727
0.117755
0.010828
0.529585
0.113666
0.269132
0.294764
0.805277
0.629793
0.776241
0.853191
0.110885
0.438911
0.363722
0.977002
0.223241
0.562628
0.742311
0.275391
0.445823
0.104424
0.765804
0.355863
0.784040
0.536530
0.170239
0.516162
0.438374
0.838381
0.195261
0.722771
0.668972
0.687189
0.237297
0.669201
0.749792
0.749902
0.420496
0.311561
0.369357
0.132436
0.383547
0.702931
0.986746
0.650895
0.847831
0.108529
0.886704
0.872215
0.837671
0.062966
0.933770
0.807302
0.763703
0.632353
0.479258
0.250149
0.096973
0.252334
0.973522
0.899569
0.056751
0.256632
0.333447
0.056706
0.473200
0.549881
0.346024
0.337224
0.314593
0.907890
0.043297
0.161481
0.403044
0.307587
0.564761
0.447857
0.089842
0.126423
0.615291
0.450100
0.988616
0.670193
0.394877
0.381164
0.498972
0.256796
0.347797
0.726886
0.809799
0.999556
0.419022
0.466590
0.104601
0.470794
0.635066
0.888513
0.646766
0.561880
0.945089
0.136153
0.532484
0.336654
0.306679
0.722771
0.976742
0.866513
0.289510
0.080528
0.161562
0.959084
0.146888
0.097492
0.764102
0.674658
0.047555
0.895026
0.855457
0.554567
0.926333
0.915671
0.236528
0.804761
0.805827
0.018921
0.362016
0.201231
0.734712
0.532925
0.987060
0.881427
0.836764
0.907432
0.890282
0.841469
0.294790
0.882053
0.067187
0.327348
0.648869
0.075240
0.932819
0.497827
0.547617
0.446297
0.881712
0.313047
0.191950
0.273350
0.727670
0.307026
0.015396
0.406795
0.335091
0.830928
0.624064
0.028532
0.033587
0.059534
0.805998
0.539774
0.573690
0.831715
0.463509
0.966893
0.036200
0.002975
0.367211
0.239041
0.890337
0.487262
0.378144
0.094182
0.004709
0.428405
0.707503
0.540106
0.306679
0.385131
0.206420
0.823957
0.568658
0.985233
0.394152
0.818102
0.222989
0.459992
0.745154
0.971984
0.444639
0.105691
0.416117
0.719922
0.438911
0.531933
0.245257
0.996624
0.625668
0.778492
0.261151
0.358500
0.152245
0.972786
0.335574
0.138552
0.302749
0.477889
0.361388
0.016944
0.122976
0.467526
0.279333
0.269738
0.929348
0.078902
0.010906
0.231046
0.160870
0.906769
0.303913
0.573653
0.002272
0.428703
0.747991
0.223073
0.422925
0.389657
0.078953
0.737163
0.515981
0.676717
0.088572
0.869911
0.292360
0.973007
0.415368
0.175039
0.955145
0.824622
0.196565
0.435092
0.727260
0.151450
0.952489
0.041178
0.478170
0.048036
0.404612
0.841501
0.570797
0.060890
0.795716
0.354446
0.339682
0.648410
0.366698
0.654604
0.282762
0.434424
0.109275
0.814592
0.478661
0.861410
0.071401
0.077576
0.967721
0.604784
0.908371
0.730879
0.062532
0.977504
0.694824
0.861744
0.915477
0.885780
0.781200
0.117534
0.891299
0.892393
0.104093
0.507987
0.122836
0.777457
0.783437
0.423978
0.091609
0.554530
0.864710
0.921879
0.759960
0.284830
0.883528
0.342785
0.876858
0.401958
0.371268
0.470550
0.694824
0.884684
0.830567
0.023625
0.808158
0.112894
0.071480
0.093527
0.575007
0.770893
0.251919
0.070977
0.421545
0.597226
0.605658
0.689052
0.878907
0.808090
0.847578
0.131150
0.504998
0.361986
0.962568
0.838672
0.986366
0.370691
0.838607
0.618341
0.795716
0.086380
0.749572
0.747475
0.811060
0.859579
0.739054
0.543654
0.796309
0.894052
0.305852
0.017817
0.901910
0.928701
0.999100
0.935480
0.972314
0.947247
0.120560
0.961090
0.936136
0.696341
0.015075
0.117743
0.816248
0.675954
0.881939
0.894296
0.881825
0.201482
0.938519
0.942125
0.062574
0.617655
0.086914
0.508708
0.906462
0.712517
0.596012
0.462715
0.009245
0.146591
0.037877
0.585866
0.606913
0.136445
0.259473
0.017004
0.795856
0.475612
0.170998
0.928455
0.196792
0.952579
0.724493
0.122378
0.969102
0.870060
0.727110
0.041835
0.939980
0.985437
0.239107
0.574330
0.180728
0.151222
0.031183
0.477082
0.055329
0.250791
0.627424
0.203383
0.409178
0.828659
0.113107
0.086380
0.233426
0.575270
0.781235
0.495007
0.271271
0.658465
0.355125
0.390315
0.589231
0.517869
0.812421
0.165664
0.647454
0.642789
0.289101
0.841181
0.313643
0.967185
0.638506
0.079898
0.280931
0.809560
0.605468
0.956715
0.183773
0.176231
0.799300
0.136041
0.838672
0.129753
0.509502
0.763521
0.234864
0.338737
0.651431
0.774450
0.252542
0.141923
0.631321
0.592714
0.933770
0.941522
0.161385
0.313345
0.746223
0.963194
0.981636
0.614262
0.395351
0.963798
0.218230
0.901412
0.786022
0.774271
0.595291
0.921457
0.903603
0.116386
0.646345
0.787435
0.121946
0.191504
0.826975
0.585299
0.579978
0.466070
0.535241
0.976492
0.825120
0.643668
0.266885
0.301034
0.113107
0.174695
0.565921
0.539405
0.842813
0.645886
0.779277
0.897042
0.889233
0.822791
0.126371
0.068609
0.417454
0.129860
0.498936
0.787541
0.423156
0.086128
0.079065
0.946922
0.437971
0.260820
0.292206
0.577190
0.536161
0.643936
0.160790
0.383051
0.772548
0.224355
0.410018
0.298881
0.369175
0.660606
0.276552
0.329026
0.393206
0.528156
0.715302
0.592411
0.173803
0.278735
0.702477
0.775955
0.174300
0.402565
0.155273
0.150401
0.079707
0.135652
0.945691
0.816079
0.764029
0.949822
0.567608
0.322789
0.795053
0.461646
0.374864
0.436229
0.147454
0.490524
0.303913
0.229391
0.469402
0.450952
0.152936
0.317947
0.322098
0.646268
0.267295
0.512140
0.698388
0.567121
0.406602
0.174695
0.356928
0.336341
0.045359
0.816248
0.724942
0.298122
0.944581
0.393237
0.859212
0.949022
0.807371
0.751995
0.252704
0.282209
0.832598
0.909659
0.552297
0.461163
0.882621
0.620935
0.538003
0.141175
0.551516
0.096560
0.127973
0.972616
0.223703
0.538188
0.158035
0.783686
0.339395
0.883895
0.772152
0.252104
0.904199
0.369599
0.803555
0.911810
0.448978
0.432690
0.507014
0.847420
0.992946
0.942385
0.856723
0.581486
0.505682
0.008971
0.505646
0.902119
0.067733
0.908801
0.464443
0.671071
0.558668
0.214567
0.497934
0.943617
0.234602
0.869733
0.926674
0.396015
0.142241
0.362823
0.255255
0.420824
0.808295
0.277642
0.986067
0.268381
0.159368
0.450577
0.406602
0.964274
0.900940
0.021019
0.127288
0.725914
0.055192
0.559675
0.146978
0.436497
0.549399
0.107289
0.135194
0.829120
0.353092
0.356750
0.055080
0.156194
0.235980
0.166455
0.490595
0.540881
0.513842
0.850818
0.130544
0.089148
0.517942
0.952884
0.498506
0.331528
0.784855
0.573502
0.966467
0.081481
0.184995
0.606305
0.050967
0.459545
0.180216
0.074550
0.131433
0.967779
0.463579
0.485105
0.908549
0.126960
0.863473
0.003696
0.781662
0.886480
0.522383
0.868574
0.959101
0.506582
0.492123
0.456008
0.026570
0.320444
0.527351
0.010536
0.398043
0.073808
0.820250
0.730469
0.028475
0.934307
0.031033
0.925741
0.381411
0.138807
0.885892
0.271759
0.568170
0.143839
0.975697
0.964274
0.579412
0.527790
0.913073
0.772117
0.451190
0.352592
0.578772
0.436798
0.306385
0.488537
0.639806
0.493048
0.778135
0.442849
0.201521
0.923718
0.751188
0.676526
0.481086
0.043187
0.451531
0.567046
0.568208
0.269520
0.414294
0.327487
0.122479
0.174266
0.364802
0.256819
0.608131
0.535131
0.962442
0.127301
0.380176
0.166339
0.394215
0.196395
0.214221
0.407664
0.308764
0.407825
0.459648
0.919186
0.818841
0.914818
0.833121
0.946903
0.781306
0.592904
0.455563
0.089253
0.795926
0.514965
0.870267
0.486448
0.582090
0.676984
0.097847
0.969994
0.522784
0.907305
0.812693
0.655904
0.970816
0.302881
0.592790
0.874823
0.507734
0.952920
0.562329
0.862321
0.975697
0.023374
0.269617
0.202431
0.825551
0.071804
0.152291
0.974473
0.410567
0.829910
0.017246
0.990383
0.785492
0.924342
0.878130
0.069811
0.670842
0.189823
0.059521
0.176318
0.697554
0.104934
0.607712
0.778599
0.496613
0.308443
0.525011
0.223178
0.011250
0.761997
0.060239
0.030120
0.426188
0.736606
0.531639
0.974885
0.054807
0.469472
0.580242
0.249736
0.503920
0.381164
0.802831
0.266861
0.910061
0.330767
0.442916
0.913098
0.013074
0.053776
0.375935
0.734192
0.653534
0.802658
0.035028
0.680909
0.780559
0.603529
0.119188
0.379436
0.458651
0.085515
0.768081
0.911411
0.537598
0.012767
0.684336
0.810242
0.188337
0.997952
0.717783
0.928073
0.231650
0.114239
0.654031
0.023374
0.527388
0.672788
0.239617
0.868783
0.471874
0.565023
0.383672
0.026397
0.375047
0.323038
0.017706
0.595481
0.853067
0.828956
0.533255
0.484328
0.271369
0.429366
0.785881
0.267270
0.442511
0.117829
0.062372
0.471560
0.288488
0.442140
0.314539
0.575345
0.243298
0.339424
0.269544
0.088888
0.499687
0.638506
0.194340
0.141117
0.389156
0.886200
0.132110
0.843228
0.287850
0.891956
0.059108
0.516525
0.162288
0.142777
0.271833
0.482494
0.043984
0.534027
0.916496
0.514530
0.250746
0.920041
0.517615
0.820987
0.202334
0.103093
0.457380
0.230142
0.092539
0.066128
0.603187
0.526510
0.640342
0.384168
0.362704
0.526327
0.714061
0.581486
0.866183
0.782941
0.654031
0.355066
0.597188
0.208080
0.147201
0.672407
0.225368
0.641450
0.912504
0.381442
0.506005
0.032307
0.820652
0.445857
0.818438
0.998352
0.420430
0.588853
0.176318
0.051890
0.539405
0.897042
0.233144
0.977874
0.303516
0.894729
0.398805
0.235017
0.916351
0.733597
0.426618
0.829186
0.688444
0.852069
0.096004
0.236396
0.368903
0.746186
0.048687
0.908903
0.196186
0.925215
0.133789
0.120285
0.235914
0.209074
0.173154
0.256562
0.399504
0.008696
0.301825
0.376640
0.399123
0.913172
0.860648
0.576700
0.753057
0.800063
0.478275
0.452622
0.395731
0.304391
0.853098
0.781698
0.574969
0.148966
0.572901
0.140129
0.258625
0.921574
0.932254
0.743161
0.877234
0.101519
0.195903
0.355066
0.977886
0.216423
0.388249
0.259002
0.298096
0.654719
0.864861
0.819244
0.021385
0.140644
0.259237
0.811094
0.387437
0.948572
0.782834
0.588664
0.279507
0.754705
0.681671
0.640074
0.901674
0.355361
0.091727
0.450236
0.446094
0.376670
0.849437
0.103619
0.289510
0.761561
0.477608
0.384199
0.290766
0.191264
0.235520
0.866093
0.493190
0.142531
0.766311
0.749278
0.429565
0.229348
0.268212
0.764174
0.046347
0.334552
0.531823
0.151115
0.906411
0.962253
0.702250
0.343911
0.900519
0.942983
0.158938
0.644089
0.815607
0.547877
0.778563
0.124464
0.730208
0.000377
0.375537
0.104026
0.597529
0.511598
0.579525
0.179108
0.114827
0.065660
0.575646
0.255558
0.195903
0.043818
0.252380
0.047063
0.024527
0.423123
0.164467
0.550178
0.011967
0.205770
0.212078
0.957934
0.969689
0.186896
0.839026
0.255442
0.378482
0.046731
0.244107
0.065938
0.485635
0.500905
0.665458
0.996098
0.949748
0.250608
0.687721
0.968537
0.693761
0.127249
0.706710
0.352563
0.765297
0.064933
0.569258
0.690952
0.384634
0.200441
0.902510
0.974997
0.223598
0.939159
0.328522
0.244828
0.761270
0.050598
0.021305
0.643936
0.327627
0.224734
0.334921
0.277220
0.498006
0.659727
0.885247
0.108095
0.023352
0.337738
0.590556
0.945089
0.268164
0.674085
0.435527
0.444977
0.935649
0.922019
0.221755
0.575910
0.560198
0.533035
0.695734
0.003699
0.593207
0.728044
0.398265
0.043818
0.199365
0.071378
0.147902
0.323481
0.592070
0.695810
0.748432
0.125304
0.539405
0.347564
0.038916
0.960574
0.028756
0.472711
0.537119
0.152245
0.836732
0.815742
0.345589
0.290612
0.101325
0.166570
0.738906
0.067284
0.963225
0.223031
0.313345
0.874297
0.757591
0.339338
0.510405
0.276008
0.367452
0.264891
0.110106
0.019560
0.639806
0.167897
0.366126
0.134932
0.977562
0.177447
0.781484
0.474143
0.706030
0.305986
0.669010
0.109898
0.688786
0.962960
0.203793
0.149313
0.925969
0.220506
0.097440
0.918374
0.671300
0.984653
0.564311
0.070711
0.598668
0.101335
0.668475
0.317427
0.388530
0.560759
0.290997
0.220631
0.060686
0.531015
0.456111
0.282787
0.398265
0.360464
0.788423
0.668933
0.518923
0.874706
0.880227
0.067216
0.433257
0.423485
0.125902
0.231499
0.233405
0.899807
0.863412
0.232970
0.703460
0.672178
0.339138
0.452145
0.915306
0.397282
0.296583
0.140058
0.622957
0.506546
0.230314
0.168163
0.093909
0.568845
0.176560
0.337823
0.705879
0.321822
0.591010
0.147633
0.335233
0.321822
0.562964
0.305373
0.724119
0.042526
0.971289
0.806719
0.634760
0.351888
0.447925
0.781378
0.785138
0.205829
0.105434
0.503596
0.383765
0.997861
0.937083
0.501264
0.584317
0.608740
0.655216
0.420496
0.816316
0.189510
0.254070
0.216648
0.108884
0.683955
0.454502
0.265659
0.796483
0.149418
0.908650
0.755144
0.942963
0.101196
0.468568
0.360464
0.520779
0.154993
0.140558
0.297704
0.621011
0.192471
0.502124
0.702855
0.833872
0.361149
0.867022
0.482635
0.470550
0.054813
0.029957
0.690496
0.202160
0.817496
0.063065
0.691863
0.752874
0.829910
0.820183
0.262766
0.071780
0.999023
0.534358
0.662325
0.229348
0.022825
0.756459
0.007466
0.427246
0.384261
0.433557
0.844758
0.138736
0.306412
0.492514
0.938126
0.546950
0.009020
0.936221
0.537119
0.637742
0.140429
0.004054
0.789796
0.754741
0.503632
0.021218
0.709201
0.736569
0.620057
0.510477
0.957327
0.394183
0.729201
0.555200
0.467596
0.489601
0.588626
0.282159
0.300955
0.025458
0.408791
0.083953
0.576324
0.023735
0.080370
0.938105
0.035184
0.468568
0.936537
0.765261
0.663777
0.255791
0.787188
0.428869
0.019760
0.296635
0.619447
0.863866
0.622156
0.222403
0.989358
0.287672
0.027004
0.968636
0.900624
0.870060
0.522346
0.024562
0.815775
0.890777
0.028266
0.904767
0.288335
0.507807
0.597264
0.618074
0.936747
0.813372
0.256235
0.738461
0.628608
0.704292
0.600794
0.648410
0.008434
0.211173
0.995212
0.833676
0.328494
0.190875
0.340599
0.613995
0.558108
0.218973
0.208418
0.372393
0.547469
0.199365
0.064128
0.183451
0.580883
0.133419
0.886508
0.607484
0.798953
0.539405
0.115477
0.630136
0.187242
0.361120
0.498578
0.783969
0.753424
0.578772
0.278436
0.752838
0.504207
0.647989
0.066364
0.037869
0.355213
0.067688
0.936537
0.658962
0.468221
0.923046
0.743641
0.349984
0.412963
0.213674
0.530392
0.721422
0.873537
0.849814
0.120585
0.063765
0.720635
0.027692
0.954691
0.657472
0.214933
0.338938
0.162434
0.151939
0.649098
0.982633
0.014364
0.822991
0.912331
0.595557
0.641680
0.930456
0.874677
0.636557
0.549213
0.283820
0.612052
0.053739
0.928163
0.275169
0.967980
0.983308
0.584770
0.047872
0.582920
0.414034
0.642292
0.001512
0.946865
0.952147
0.935840
0.757372
0.967664
0.572525
0.810004
0.531566
0.380238
0.843356
0.272077
0.478696
0.827306
0.804657
0.702174
0.077389
0.384354
0.099530
0.710784
0.940163
0.222361
0.652922
0.462404
0.364082
0.916011
0.404773
0.298541
0.067688
0.410826
0.131893
0.454912
0.379498
0.356040
0.948515
0.773517
0.459820
0.078515
0.962991
0.092034
0.339052
0.478485
0.853720
0.533072
0.536051
0.078343
0.589080
0.233361
0.230249
0.854435
0.419775
0.710219
0.833839
0.115007
0.477678
0.245189
0.328438
0.677136
0.523441
0.718384
0.492834
0.964959
0.910762
0.235980
0.918231
0.076664
0.076245
0.320857
0.666490
0.948421
0.486838
0.056014
0.115828
0.066423
0.734117
0.479925
0.290176
0.768190
0.606000
0.390283
0.971410
0.517179
0.989249
0.301060
0.099912
0.363183
0.756788
0.167116
0.970146
0.142748
0.138100
0.590859
0.428902
0.626737
0.430760
0.104468
0.327264
0.368540
0.535204
0.036154
0.657395
0.588323
0.942265
0.410826
0.946116
0.475927
0.232688
0.929615
0.650895
0.559377
0.029061
0.127907
0.648448
0.517397
0.921198
0.292335
0.303013
0.977528
0.628799
0.672636
0.398583
0.052167
0.518051
0.887067
0.609082
0.030388
0.259332
0.989343
0.465308
0.330767
0.725241
0.166438
0.053418
0.076153
0.436363
0.849595
0.163098
0.913616
0.291562
0.332345
0.908346
0.461818
0.496648
0.699714
0.184941
0.230572
0.694786
0.444673
0.852568
0.067448
0.672979
0.635448
0.924503
0.797563
0.736532
0.569033
0.900044
0.679766
0.767829
0.553822
0.809901
0.943281
0.836246
0.726699
0.721872
0.464477
0.574743
0.611671
0.013621
0.361926
0.473235
0.035693
0.806033
0.290407
0.797284
0.977013
0.942265
0.240594
0.277146
0.416703
0.230830
0.885640
0.454741
0.799057
0.357965
0.199711
0.680109
0.094293
0.322596
0.994972
0.715152
0.999467
0.352769
0.630327
0.938478
0.480101
0.173769
0.191987
0.938188
0.087612
0.889316
0.701228
0.572037
0.686200
0.252057
0.246116
0.657739
0.073557
0.592601
0.345155
0.277964
0.818068
0.841918
0.102038
0.620935
0.613538
0.420528
0.748358
0.215014
0.162417
0.224608
0.736384
0.361687
0.838768
0.507194
0.237804
0.705010
0.708258
0.891244
0.304284
0.607104
0.025204
0.022820
0.308925
0.055900
0.284779
0.558891
0.111013
0.702741
0.651851
0.534064
0.126606
0.296557
0.873331
0.665535
0.466382
0.636251
0.992591
0.335290
0.076984
0.293936
0.240594
0.059956
0.370691
0.380238
0.945205
0.626890
0.881968
0.943340
0.672712
0.128000
0.611976
0.632009
0.357461
0.147439
0.990060
0.944698
0.974523
0.628952
0.480629
0.239972
0.593017
0.038218
0.877928
0.143431
0.614719
0.356987
0.761379
0.792184
0.532190
0.269884
0.995021
0.671682
0.757701
0.575420
0.741941
0.313969
0.069865
0.913984
0.917414
0.471073
0.832304
0.519105
0.080423
0.271564
0.192732
0.380423
0.257428
0.472711
0.105680
0.211193
0.924134
0.378052
0.170896
0.871361
0.519032
0.999524
0.847041
0.742607
0.094171
0.762396
0.098654
0.838220
0.799404
0.520889
0.527388
0.366306
0.011152
0.290253
0.338880
0.379991
0.066882
0.974196
0.401575
0.293936
0.083200
0.691597
0.559937
0.863291
0.623835
0.873917
0.772548
0.305187
0.781342
0.695014
0.822424
0.467908
0.307827
0.306465
0.622728
0.113940
0.593548
0.647263
0.754998
0.117216
0.160935
0.261887
0.144982
0.511453
0.797945
0.632238
0.927488
0.688330
0.262552
0.308684
0.206992
0.426320
0.450236
0.783367
0.033316
0.191523
0.005322
0.168814
0.133049
0.800756
0.493867
0.784961
0.224966
0.720185
0.108678
0.931796
0.686086
0.227255
0.610110
0.201328
0.926878
0.495827
0.909558
0.645695
0.580468
0.309596
0.438709
0.605202
0.450986
0.655484
0.465654
0.161578
0.738795
0.217633
0.288386
0.172813
0.294401
0.002070
0.475717
0.234580
0.565884
0.962913
0.221151
0.719172
0.083200
0.738165
0.814795
0.218354
0.373215
0.044182
0.133816
0.049290
0.724231
0.056216
0.432923
0.037106
0.769885
0.954726
0.594230
0.937417
0.884797
0.212239
0.223871
0.327823
0.522018
0.125395
0.504890
0.569784
0.505933
0.604860
0.539626
0.138298
0.425264
0.183093
0.109298
0.950763
0.578357
0.565847
0.783473
0.629029
0.059354
0.455426
0.563525
0.930633
0.190616
0.649366
0.613157
0.493261
0.478907
0.195092
0.298776
0.342814
0.133145
0.020694
0.771721
0.910737
0.905334
0.846345
0.211053
0.550104
0.049974
0.063886
0.178652
0.141060
0.214485
0.828362
0.847041
0.790429
0.831355
0.878533
0.011806
0.364953
0.668628
0.096322
0.058382
0.701531
0.079385
0.719172
0.798571
0.235279
0.923579
0.351888
0.767720
0.286985
0.799543
0.389281
0.711463
0.239728
0.786906
0.285032
0.069303
0.219366
0.169634
0.754998
0.095135
0.762723
0.623072
0.275021
0.798675
0.913984
0.337281
0.553004
0.077449
0.392262
0.753936
0.759596
0.468047
0.923602
0.240683
0.146458
0.571849
0.911884
0.875173
0.541731
0.220589
0.148846
0.564873
0.930941
0.136473
0.840924
0.778349
0.257803
0.072129
0.303092
0.114143
0.422235
0.637818
0.701039
0.721572
0.742865
0.669888
0.955371
0.570534
0.133775
0.574029
0.536714
0.292257
0.635754
0.679880
0.654681
0.177412
0.581486
0.604327
0.441130
0.935607
0.564611
0.709163
0.594306
0.202800
0.329026
0.163407
0.740647
0.798571
0.994856
0.481262
0.372241
0.171133
0.687683
0.082983
0.228214
0.213309
0.174283
0.370691
0.725540
0.076404
0.016294
0.938994
0.245437
0.855890
0.710219
0.189529
0.346634
0.965695
0.580807
0.639156
0.473444
0.292541
0.732815
0.111821
0.732331
0.518741
0.489530
0.657510
0.141981
0.022334
0.385349
0.647836
0.553748
0.707616
0.707125
0.418368
0.517179
0.452657
0.836375
0.292825
0.915550
0.788211
0.007432
0.806445
0.239107
0.400204
0.752068
0.806342
0.446670
0.533586
0.809765
0.767431
0.757919
0.681937
0.708333
0.544875
0.665229
0.517142
0.868693
0.993095
0.866753
0.788211
0.075704
0.207763
0.878101
0.472223
0.385380
0.122950
0.588059
0.421283
0.766021
0.956851
0.809047
0.876307
0.643171
0.889703
0.842526
0.396933
0.830994
0.264484
0.411279
0.538815
0.539922
0.466729
0.527095
0.751701
0.839638
0.041121
0.433423
0.296063
0.071520
0.747070
0.474073
0.075447
0.354948
0.701379
0.596012
0.397060
0.943874
0.513516
0.172404
0.815674
0.947911
0.067988
0.632696
0.955873
0.502196
0.896720
0.795402
0.299091
0.076950
0.358411
0.847484
0.189382
0.841662
0.411084
0.122200
0.295024
0.362973
0.604137
0.392702
0.411376
0.878504
0.615291
0.092818
0.221567
0.531860
0.356573
0.328298
0.208219
0.143562
0.207071
0.924756
0.991437
0.187734
0.128357
0.000405
0.800929
0.891737
0.322292
0.796449
0.784678
0.499222
0.770641
0.241843
0.946193
0.235651
0.594116
0.332148
0.848808
0.591162
0.619867
0.518487
0.939980
0.904018
0.227213
0.557772
0.145423
0.657242
0.164679
0.750894
0.711086
0.398392
0.835889
0.457723
0.434658
0.336199
0.921363
0.942485
0.710445
0.560460
0.778920
0.029337
0.876510
0.691521
0.760360
0.213410
0.023335
0.470759
0.776599
0.478240
0.455152
0.124993
0.126214
0.494472
0.836537
0.208120
0.892720
0.440659
0.861836
0.664350
0.112598
0.360613
0.432790
0.910912
0.854683
0.086539
0.766130
0.583902
0.175557
0.675039
0.798606
0.205534
0.594874
0.013243
0.772835
0.727147
0.157215
0.884713
0.518451
0.059281
0.341088
0.791903
0.391476
0.823457
0.339310
0.346227
0.876162
0.241843
