0.375567
0.388593
0.256749
0.677822
0.079950
0.325897
0.558518
0.072400
0.681556
0.539848
0.286350
0.157325
0.430030
0.775489
0.551107
0.840571
0.857186
0.700168
0.517506
0.065638
0.667024
0.434224
0.483199
0.815302
0.111727
0.907101
0.000231
0.388342
0.031334
0.065528
0.806513
0.004606
0.260843
0.838865
0.439515
0.456934
0.227979
0.769164
0.367000
0.126580
0.730692
0.742015
0.040349
0.810413
0.463475
0.767323
0.893754
0.477082
0.174112
0.074215
0.653343
0.064314
0.296661
0.911486
0.407954
0.260701
0.716430
0.091954
0.870474
0.002167
0.890089
0.564761
0.942085
0.653878
0.233383
0.009541
0.521362
0.956936
0.960816
0.605126
0.416214
0.379806
0.156790
0.184761
0.375567
0.666528
0.366306
0.820786
0.330795
0.065266
0.251643
0.786482
0.054479
0.459132
0.190542
0.272688
0.183504
0.084850
0.462646
0.958503
0.447755
0.714400
0.078309
0.266187
0.274923
0.266548
0.325563
0.231671
0.446094
0.572976
0.100221
0.887429
0.261246
0.928857
0.162774
0.812149
0.458891
0.955960
0.384354
0.375384
0.984854
0.749939
0.329615
0.728940
0.735492
0.044698
0.946366
0.468290
0.487546
0.577001
0.319757
0.430395
0.751591
0.513878
0.344923
0.902276
0.373246
0.247796
0.621927
0.378144
0.572300
0.011482
0.267922
0.496684
0.575195
0.041874
0.195148
0.854217
0.048587
0.294661
0.552632
0.997073
0.691408
0.229305
0.192638
0.957783
0.028958
0.184761
0.924641
0.764464
0.751921
0.848682
0.832173
0.350979
0.492265
0.821221
0.021930
0.556243
0.537672
0.794599
0.050145
0.818001
0.802589
0.622347
0.310968
0.525267
0.026103
0.573014
0.394309
0.118186
0.335574
0.446602
0.271710
0.792429
0.632964
0.175799
0.803900
0.878821
0.394246
0.957462
0.014470
0.703989
0.117314
0.533182
0.730804
0.977655
0.284754
0.100381
0.736050
0.020490
0.203734
0.151939
0.485777
0.267560
0.264078
0.736458
0.207288
0.308496
0.294013
0.380238
0.215891
0.893727
0.894350
0.479504
0.567683
0.366728
0.206400
0.955891
0.124489
0.125811
0.682508
0.130128
0.377775
0.414359
0.017569
0.325703
0.275983
0.523988
0.085099
0.600452
0.185862
0.445755
0.932971
0.403396
0.769380
0.021555
0.681214
0.529879
0.041079
0.389187
0.681442
0.035710
0.967721
0.917510
0.560983
0.110815
0.762360
0.157688
0.055623
0.892802
0.929237
0.032858
0.944267
0.268720
0.928835
0.660147
0.360344
0.677556
0.108850
0.846662
0.435293
0.509935
0.939980
0.930036
0.500224
0.320664
0.454981
0.173855
0.666451
0.696986
0.267270
0.650513
0.326985
0.111259
0.108632
0.206065
0.464270
0.412185
0.525011
0.308872
0.292928
0.464374
0.290278
0.953686
0.342497
0.252034
0.228428
0.686010
0.609882
0.700244
0.602655
0.650284
0.138694
0.003400
0.286198
0.296583
0.920089
0.711350
0.293083
0.752581
0.176144
0.525376
0.137706
0.002148
0.522821
0.445755
0.076900
0.783792
0.130934
0.524134
0.379498
0.030213
0.603415
0.745744
0.864439
0.256211
0.465239
0.091816
0.715754
0.207447
0.225579
0.883810
0.961138
0.371328
0.661103
0.100798
0.768262
0.253444
0.466070
0.579450
0.571849
0.728828
0.832042
0.052138
0.029904
0.777492
0.651584
0.737571
0.350189
0.504926
0.145807
0.472014
0.487192
0.412185
0.467943
0.907126
0.629563
0.433323
0.598174
0.744453
0.684298
0.588740
0.774378
0.311318
0.814693
0.098517
0.232190
0.845838
0.602503
0.792359
0.950818
0.269084
0.902354
0.451497
0.682470
0.779491
0.118729
0.448910
0.362554
0.461852
0.696986
0.193049
0.454673
0.464374
0.886116
0.374222
0.626355
0.664198
0.850818
0.201463
0.076900
0.948346
0.098748
0.210932
0.429897
0.183111
0.507987
0.218932
0.225664
0.055673
0.393489
0.489140
0.909608
0.156555
0.078902
0.441399
0.024765
0.346953
0.296635
0.752691
0.384199
0.891545
0.000357
0.584166
0.419611
0.630901
0.402916
0.720372
0.266091
0.385505
0.819848
0.444233
0.649978
0.028428
0.288488
0.531236
0.350014
0.668399
0.446500
0.174558
0.046864
0.788634
0.715453
0.008982
0.449930
0.986468
0.123308
0.188410
0.621240
0.456385
0.863261
0.847452
0.963566
0.077389
0.142400
0.046581
0.161530
0.202586
0.267608
0.599237
0.997686
0.695772
0.605772
0.203910
0.333334
0.016410
0.739499
0.715453
0.967534
0.352916
0.585450
0.702212
0.925100
0.201463
0.655790
0.746960
0.198085
0.898349
0.743567
0.219676
0.884684
0.026256
0.771145
0.249416
0.157814
0.738869
0.325675
0.642368
0.561842
0.033215
0.058127
0.606419
0.010417
0.616434
0.618417
0.204574
0.206518
0.306705
0.885500
0.943834
0.766130
0.148246
0.541473
0.087112
0.942445
0.751114
0.088048
0.718984
0.050265
0.326817
0.804692
0.335204
0.363183
0.459613
0.384914
0.125486
0.836116
0.302141
0.789198
0.774522
0.903031
0.857770
0.477398
0.308711
0.474248
0.623912
0.770065
0.454023
0.611405
0.432257
0.552557
0.423254
0.083173
0.603719
0.904690
0.032118
0.527827
0.906897
0.003471
0.877263
0.391979
0.461542
0.647569
0.982850
0.098654
0.503740
0.404869
0.055148
0.655790
0.438844
0.666833
0.819613
0.069734
0.131284
0.907712
0.281432
0.744158
0.195092
0.811163
0.157561
0.955891
0.625859
0.027933
0.876249
0.882479
0.273276
0.480699
0.877379
0.727932
0.009033
0.521581
0.161820
0.972642
0.099657
0.508275
0.441871
0.703082
0.315872
0.553934
0.045453
0.854962
0.658351
0.660950
0.283845
0.079863
0.855024
0.713910
0.807542
0.887067
0.265659
0.172030
0.327208
0.954866
0.992100
0.338880
0.616473
0.838575
0.584657
0.616511
0.163618
0.991150
0.000787
0.323370
0.164810
0.074149
0.325118
0.979360
0.138496
0.245144
0.098959
0.161771
0.289254
0.054831
0.025297
0.750160
0.143111
0.334949
0.182504
0.624752
0.508852
0.735158
0.055148
0.753534
0.271247
0.932732
0.108816
0.293470
0.513624
0.099202
0.406924
0.599844
0.279707
0.088592
0.708031
0.340800
0.120435
0.552966
0.727484
0.821522
0.057756
0.754924
0.417845
0.028685
0.709540
0.285336
0.758321
0.822691
0.174094
0.766166
0.808090
0.684564
0.674848
0.565060
0.751885
0.469819
0.110920
0.093447
0.278064
0.284350
0.081215
0.199423
0.478205
0.168430
0.334694
0.824223
0.595746
0.051066
0.694862
0.130638
0.640303
0.522018
0.725054
0.572901
0.990143
0.366547
0.048609
0.376946
0.511706
0.634263
0.137411
0.337139
0.289024
0.994766
0.793200
0.441938
0.742644
0.213471
0.199289
0.114036
0.782337
0.155133
0.812761
0.019763
0.317017
0.577227
0.672063
0.753534
0.924802
0.859273
0.653190
0.917991
0.692395
0.996504
0.945477
0.534358
0.947703
0.344171
0.101422
0.922066
0.560422
0.996800
0.032831
0.972864
0.316253
0.209074
0.979194
0.969661
0.637436
0.610872
0.053715
0.046763
0.269156
0.596657
0.591881
0.209094
0.453613
0.937751
0.164385
0.875464
0.629181
0.544616
0.444977
0.208636
0.332684
0.609806
0.339710
0.233361
0.234602
0.963921
0.625324
0.661943
0.612128
0.369236
0.501981
0.522274
0.497613
0.823491
0.888374
0.888458
0.534395
0.036702
0.156775
0.221401
0.108816
0.553376
0.525742
0.717708
0.989688
0.406699
0.802969
0.476942
0.570271
0.681633
0.562291
0.294764
0.295361
0.822491
0.814558
0.720785
0.672063
0.172932
0.052256
0.523258
0.073234
0.630557
0.733782
0.872127
0.634378
0.003452
0.487793
0.587189
0.528816
0.203773
0.507807
0.924365
0.497791
0.248776
0.235980
0.341088
0.885612
0.265179
0.970173
0.829351
0.667788
0.303092
0.735901
0.055963
0.243343
0.525522
0.891162
0.475472
0.284678
0.637283
0.553078
0.401575
0.902875
0.187788
0.567083
0.780559
0.155351
0.293573
0.089417
0.489956
0.136027
0.039484
0.949544
0.106814
0.433557
0.860984
0.252104
0.132083
0.069626
0.560161
0.338480
0.727782
0.567383
0.640762
0.833121
0.076765
0.928186
0.136613
0.618799
0.414912
0.667864
0.715302
0.785704
0.480207
0.508203
0.782799
0.004493
0.535094
0.186460
0.816957
0.455494
0.172932
0.354122
0.131474
0.277220
0.667253
0.939755
0.223577
0.578809
0.025060
0.251527
0.790745
0.817630
0.486590
0.215891
0.209732
0.450475
0.512502
0.591919
0.548211
0.629487
0.777457
0.689774
0.323426
0.574442
0.651354
0.701758
0.080686
0.430063
0.078583
0.700963
0.192713
0.858507
0.262719
0.433057
0.132042
0.462957
0.968352
0.921949
0.390722
0.687645
0.440860
0.621927
0.904173
0.439919
0.728081
0.369538
0.093167
0.188008
0.538188
0.273669
0.147394
0.258955
0.218539
0.116654
0.097129
0.595746
0.268817
0.805277
0.394941
0.159336
0.229369
0.870652
0.329924
0.236989
0.978816
0.927849
0.518451
0.440995
0.284678
0.968066
0.859365
0.003305
0.962521
0.455494
0.177342
0.203014
0.814863
0.397599
0.354859
0.789655
0.264150
0.569371
0.229798
0.086333
0.562478
0.989752
0.770713
0.083263
0.645810
0.964259
0.412282
0.971824
0.241307
0.651545
0.266548
0.161626
0.159846
0.618875
0.155772
0.205240
0.556392
0.876133
0.680528
0.951458
0.687037
0.047539
0.097305
0.834751
0.668093
0.975903
0.576060
0.902979
0.144835
0.840057
0.198066
0.393017
0.026612
0.387530
0.098255
0.259685
0.441298
0.597112
0.902014
0.786411
0.768623
0.833089
0.593093
0.874414
0.496755
0.028381
0.637359
0.017369
0.207644
0.459854
0.196698
0.028593
0.554455
0.251435
0.424110
0.621660
0.814016
0.340657
0.288641
0.488289
0.843516
0.146369
0.836894
0.649328
0.177342
0.139232
0.324424
0.106139
0.740387
0.390660
0.071520
0.196035
0.519178
0.283946
0.691256
0.459132
0.227234
0.572187
0.860374
0.040088
0.120260
0.778563
0.062756
0.411376
0.854931
0.238356
0.493226
0.727260
0.860099
0.305586
0.039452
0.550513
0.470550
0.351682
0.557847
0.469750
0.782017
0.138878
0.278511
0.410664
0.197058
0.126881
0.994582
0.275983
0.097711
0.099255
0.438407
0.693420
0.211756
0.761888
0.678699
0.261270
0.548730
0.861623
0.183146
0.812387
0.768009
0.990308
0.518705
0.990458
0.563413
0.816383
0.345213
0.471839
0.624103
0.416182
0.562291
0.446738
0.283039
0.683118
0.684336
0.762941
0.045568
0.738609
0.483235
0.580091
0.207744
0.649328
0.438541
0.382339
0.582694
0.509322
0.878533
0.489459
0.386314
0.568996
0.836083
0.247728
0.477012
0.830928
0.270760
0.434558
0.202742
0.169919
0.498936
0.828923
0.652348
0.082830
0.967952
0.888180
0.217551
0.597453
0.737163
0.650169
0.946558
0.361627
0.284451
0.369175
0.195111
0.042101
0.343507
0.502591
0.258672
0.712480
0.076404
0.993252
0.493012
0.125551
0.079351
0.644051
0.012436
0.671529
0.123949
0.444673
0.627539
0.483693
0.118927
0.407728
0.658886
0.824622
0.897816
0.608816
0.615291
0.122225
0.289996
0.888402
0.236199
0.213147
0.667024
0.476942
0.573126
0.339567
0.054375
0.159034
0.177516
0.967083
0.971383
0.090912
0.800167
0.845933
0.008387
0.044729
0.438541
0.156257
0.057393
0.081206
0.509719
0.275120
0.593169
0.381009
0.324813
0.763666
0.676259
0.963875
0.824655
0.306545
0.121997
0.065623
0.079022
0.772727
0.792569
0.417780
0.664312
0.938664
0.512032
0.901883
0.741756
0.757956
0.673132
0.222089
0.997670
0.024351
0.854745
0.316553
0.081970
0.121151
0.247864
0.625744
0.836537
0.297966
0.377806
0.068442
0.795193
0.212723
0.409340
0.041212
0.966849
0.889868
0.727820
0.061720
0.614529
0.004542
0.222027
0.047047
0.809116
0.105212
0.123910
0.506510
0.276923
0.275564
0.105023
0.678547
0.846028
0.738980
0.044590
0.545431
0.001327
0.008999
0.426651
0.780025
0.203773
0.562964
0.859457
0.163651
0.944267
0.044729
0.088210
0.241575
0.676831
0.458960
0.387281
0.101196
0.261839
0.791166
0.510477
0.684031
0.329840
0.535057
0.856168
0.755180
0.348379
0.136878
0.365584
0.418499
0.124915
0.474667
0.754522
0.003614
0.042033
0.201637
0.794948
0.667826
0.066055
0.270443
0.830895
0.225495
0.978501
0.045761
0.220464
0.117853
0.045141
0.918374
0.586471
0.483728
0.072280
0.614491
0.779099
0.230034
0.378574
0.101929
0.794354
0.427842
0.197571
0.737312
0.611786
0.722059
0.765876
0.153475
0.613005
0.669010
0.770389
0.535057
0.718083
0.078309
0.243478
0.431591
0.723146
0.064515
0.005137
0.114755
0.036925
0.144468
0.964274
0.244332
0.998622
0.033733
0.229134
0.770857
0.242536
0.990074
0.088210
0.516307
0.953704
0.561917
0.639271
0.441298
0.122263
0.990838
0.488325
0.550216
0.606343
0.612928
0.599199
0.704745
0.611748
0.854155
0.825186
0.951439
0.388342
0.545023
0.012382
0.604517
0.655445
0.028076
0.239994
0.433623
0.978467
0.966393
0.265923
0.215422
0.484823
0.130504
0.438810
0.380300
0.130128
0.230421
0.315327
0.048787
0.554790
0.388718
0.251988
0.545505
0.812523
0.234406
0.878158
0.376149
0.669964
0.478872
0.277220
0.345589
0.157089
0.690610
0.128662
0.175160
0.143387
0.691825
0.773984
0.972301
0.260536
0.787647
0.772045
0.370054
0.353298
0.970365
0.679652
0.390503
0.277270
0.354535
0.373795
0.519869
0.700471
0.543469
0.647530
0.990074
0.486307
0.771793
0.205044
0.347942
0.280331
0.017213
0.828066
0.550327
0.175557
0.164565
0.840025
0.252866
0.753131
0.912281
0.743936
0.494365
0.658236
0.010639
0.264939
0.936305
0.903135
0.039820
0.079126
0.267367
0.498757
0.608854
0.316581
0.694027
0.624561
0.146265
0.621507
0.125187
0.955441
0.040917
0.454570
0.060192
0.338852
0.150098
0.950763
0.401671
0.557101
0.525705
0.650207
0.938437
0.194960
0.948308
0.509935
0.015697
0.135001
0.186007
0.884487
0.568808
0.567458
0.158621
0.425726
0.879338
0.787612
0.055354
0.133227
0.695772
0.381937
0.255395
0.532300
0.972010
0.265131
0.149012
0.328046
0.316335
0.671376
0.267488
0.588891
0.457448
0.542803
0.985911
0.486307
0.852163
0.225283
0.046294
0.659077
0.300824
0.797806
0.163001
0.216976
0.036552
0.412996
0.749167
0.777028
0.163277
0.527571
0.310187
0.823057
0.929170
0.845996
0.180022
0.239706
0.180923
0.618989
0.236199
0.178880
0.934628
0.345241
0.711726
0.515654
0.742607
0.874823
0.974498
0.006372
0.660644
0.025720
0.852755
0.979117
0.611176
0.148321
0.836602
0.235673
0.373734
0.225368
0.125745
0.981275
0.874093
0.080431
0.995481
0.801379
0.596732
0.952489
0.450747
0.086895
0.061879
0.829219
0.276379
0.918015
0.585299
0.930500
0.146814
0.560796
0.980899
0.851663
0.300245
0.611252
0.315599
0.445823
0.753167
0.803969
0.851788
0.231607
0.325897
0.801483
0.985911
