0.724531
0.221401
0.540291
0.631283
0.992022
0.711274
0.693382
0.911037
0.069564
0.268890
0.293418
0.368268
0.590632
0.158827
0.848115
0.780951
0.012365
0.621393
0.704972
0.383206
0.966246
0.844567
0.811979
0.641221
0.067740
0.642750
0.933360
0.788246
0.520342
0.044000
0.976978
0.989249
0.124928
0.917462
0.763086
0.770965
0.028675
0.232515
0.833970
0.146651
0.127065
0.687227
0.334325
0.950432
0.069188
0.738498
0.760761
0.973509
0.311669
0.718496
0.428405
0.382432
0.070151
0.350043
0.496363
0.530098
0.729014
0.864047
0.661714
0.937564
0.719960
0.487793
0.778028
0.866303
0.553748
0.480980
0.633958
0.176196
0.464512
0.780417
0.184078
0.924342
0.016041
0.485812
0.724531
0.457037
0.061651
0.899278
0.106713
0.148651
0.419578
0.668475
0.084648
0.215830
0.512502
0.879453
0.723146
0.401320
0.666680
0.105758
0.308175
0.716768
0.831355
0.659039
0.131866
0.608511
0.266981
0.120548
0.140086
0.946979
0.129793
0.615215
0.520306
0.160774
0.180181
0.346314
0.203267
0.590594
0.225368
0.629678
0.304337
0.956475
0.048173
0.127947
0.061568
0.620401
0.238599
0.208140
0.641489
0.310914
0.885275
0.973097
0.102635
0.666451
0.136027
0.965755
0.835921
0.432590
0.646345
0.429897
0.141923
0.852880
0.649901
0.283543
0.385816
0.441163
0.974711
0.009894
0.624713
0.342497
0.751408
0.878043
0.357906
0.041098
0.681937
0.436363
0.641259
0.485812
0.964151
0.592563
0.684678
0.416149
0.214201
0.816046
0.407696
0.082740
0.083173
0.216628
0.044575
0.671071
0.162094
0.994331
0.412736
0.371146
0.917438
0.030622
0.799508
0.267632
0.288411
0.106330
0.955493
0.832795
0.394372
0.988487
0.308738
0.535425
0.879597
0.894972
0.185700
0.178022
0.676450
0.303542
0.655178
0.238135
0.814050
0.192173
0.476487
0.115501
0.599085
0.686961
0.388905
0.546653
0.304762
0.684754
0.981748
0.505466
0.023990
0.923463
0.608968
0.368298
0.267922
0.211695
0.316853
0.518232
0.210692
0.762541
0.859793
0.885724
0.702098
0.181384
0.371876
0.759924
0.835564
0.144718
0.705841
0.101411
0.934820
0.718046
0.481156
0.900703
0.256328
0.470272
0.964151
0.266500
0.465170
0.479363
0.881882
0.747843
0.358144
0.103444
0.091481
0.845520
0.294712
0.244557
0.636404
0.448740
0.166967
0.771829
0.467804
0.573202
0.193142
0.464650
0.751811
0.892666
0.155975
0.442478
0.455426
0.104302
0.881825
0.280881
0.926583
0.816923
0.870918
0.080624
0.622843
0.324618
0.315518
0.131974
0.555424
0.057509
0.382835
0.541473
0.422301
0.497541
0.338737
0.270614
0.071662
0.898295
0.174781
0.790991
0.421907
0.904199
0.738943
0.971168
0.420561
0.207466
0.063326
0.284501
0.604403
0.619218
0.740313
0.746518
0.210452
0.744232
0.681480
0.020066
0.521545
0.004134
0.974636
0.631053
0.878879
0.013913
0.908523
0.452213
0.414912
0.470272
0.520743
0.738943
0.727932
0.824090
0.361567
0.123002
0.957242
0.797911
0.370600
0.166570
0.977643
0.086007
0.880370
0.783934
0.356070
0.995704
0.749976
0.246546
0.348904
0.881740
0.825982
0.705161
0.414652
0.122124
0.102179
0.916956
0.015250
0.575834
0.075571
0.653266
0.959677
0.344229
0.089350
0.847926
0.094708
0.795891
0.548730
0.018639
0.478450
0.891162
0.572901
0.733187
0.208895
0.529182
0.209293
0.908523
0.833643
0.285640
0.156367
0.777457
0.383579
0.285361
0.610072
0.858875
0.624637
0.733968
0.744342
0.872979
0.637704
0.060876
0.863805
0.092331
0.164630
0.276379
0.022858
0.287443
0.952991
0.482953
0.783863
0.049111
0.401383
0.815911
0.021359
0.806616
0.520743
0.090094
0.369841
0.191579
0.203247
0.190339
0.835011
0.620591
0.718609
0.467735
0.696758
0.530465
0.659841
0.630939
0.221422
0.323758
0.075953
0.576813
0.680871
0.954883
0.467179
0.799127
0.430362
0.527168
0.467804
0.248571
0.428338
0.120987
0.841245
0.512719
0.480488
0.507987
0.504962
0.444842
0.696644
0.628074
0.234842
0.129807
0.184096
0.759195
0.653381
0.447314
0.218209
0.240773
0.737757
0.897709
0.948553
0.655293
0.091363
0.095236
0.808569
0.897816
0.672063
0.916980
0.034637
0.155866
0.083926
0.533072
0.933511
0.857339
0.017403
0.325202
0.638506
0.537082
0.187570
0.838672
0.946077
0.573991
0.767034
0.138595
0.876191
0.188044
0.100788
0.806616
0.726064
0.466001
0.859457
0.298698
0.875289
0.738721
0.414880
0.444132
0.535646
0.659230
0.877783
0.505394
0.399409
0.403876
0.070649
0.869169
0.682546
0.363482
0.872186
0.054887
0.204770
0.658160
0.118618
0.231153
0.162013
0.202839
0.830337
0.679956
0.841629
0.567046
0.663777
0.613385
0.277022
0.975672
0.048821
0.125512
0.404100
0.053830
0.636824
0.147932
0.348000
0.765333
0.934905
0.721160
0.945166
0.252011
0.640915
0.437971
0.766962
0.197952
0.097523
0.156932
0.814524
0.560273
0.379498
0.826115
0.180093
0.502268
0.175143
0.197875
0.272909
0.468116
0.456077
0.573164
0.000694
0.491128
0.301535
0.957597
0.447687
0.211655
0.942385
0.110037
0.420561
0.323509
0.726064
0.167216
0.247659
0.584091
0.046854
0.966893
0.024105
0.300824
0.048333
0.093839
0.595064
0.289408
0.118223
0.383982
0.119947
0.761124
0.442478
0.097482
0.115792
0.239085
0.171386
0.311507
0.160294
0.844949
0.158621
0.618722
0.629716
0.461749
0.637398
0.618532
0.883838
0.280031
0.026745
0.608435
0.245054
0.993215
0.144512
0.770317
0.012151
0.090932
0.483764
0.426651
0.263290
0.552669
0.049268
0.401607
0.005127
0.298829
0.112197
0.665496
0.970924
0.073921
0.805070
0.785244
0.854683
0.235673
0.493368
0.983519
0.653343
0.037287
0.256165
0.479258
0.845362
0.992716
0.989645
0.769885
0.408920
0.154713
0.251481
0.767467
0.754778
0.284855
0.561506
0.323509
0.595708
0.486838
0.161111
0.196963
0.038440
0.803279
0.717445
0.314376
0.797180
0.902040
0.287774
0.893890
0.100670
0.846186
0.625744
0.473549
0.081038
0.232927
0.351331
0.943221
0.625210
0.620057
0.287112
0.024238
0.689888
0.617883
0.147290
0.830764
0.779170
0.640494
0.568395
0.084905
0.856662
0.347797
0.667253
0.464581
0.832925
0.224755
0.870474
0.484187
0.649634
0.083662
0.171150
0.389625
0.349108
0.090036
0.784217
0.662784
0.668284
0.726923
0.983510
0.011201
0.412671
0.333334
0.093648
0.443355
0.414522
0.460095
0.487156
0.139744
0.245731
0.396110
0.100499
0.568245
0.393363
0.088210
0.992562
0.368661
0.901543
0.472746
0.148141
0.721647
0.788317
0.024506
0.595708
0.817529
0.496755
0.305746
0.971154
0.564948
0.671911
0.284123
0.731177
0.900440
0.492763
0.079403
0.433290
0.293263
0.271003
0.827768
0.794424
0.561244
0.831387
0.075464
0.305480
0.145748
0.374192
0.451565
0.683346
0.788246
0.614757
0.355567
0.161144
0.199730
0.065703
0.705274
0.251389
0.912801
0.158035
0.649939
0.400045
0.821388
0.460887
0.823757
0.230249
0.810242
0.323481
0.808193
0.074574
0.239551
0.121264
0.708786
0.348904
0.319977
0.839059
0.312155
0.100456
0.600832
0.274824
0.049589
0.599465
0.686809
0.233665
0.140086
0.170660
0.577001
0.630022
0.604289
0.156461
0.960086
0.704254
0.071056
0.365584
0.476277
0.942604
0.090756
0.081641
0.024506
0.931687
0.745965
0.227660
0.754595
0.877754
0.968166
0.680185
0.479188
0.674391
0.698198
0.838381
0.488112
0.034967
0.048168
0.801552
0.473060
0.842749
0.775740
0.982464
0.814998
0.225347
0.568095
0.446467
0.819412
0.160550
0.734192
0.661752
0.551182
0.104656
0.925146
0.770461
0.657510
0.563264
0.603909
0.111340
0.341260
0.852849
0.374558
0.575759
0.169651
0.365343
0.617121
0.426287
0.802209
0.241084
0.373337
0.187114
0.269520
0.780203
0.179195
0.864921
0.693230
0.352152
0.396743
0.176699
0.127775
0.626775
0.917197
0.067336
0.732890
0.709616
0.152291
0.543950
0.309435
0.642215
0.619485
0.993919
0.511453
0.577491
0.896157
0.065150
0.158162
0.518560
0.662708
0.931687
0.147738
0.447891
0.666069
0.316635
0.886396
0.318248
0.703158
0.909357
0.367512
0.353239
0.027702
0.778349
0.744379
0.537414
0.454160
0.802347
0.047036
0.807713
0.839220
0.479117
0.864469
0.268502
0.445552
0.027682
0.274972
0.013061
0.273007
0.522128
0.045536
0.633346
0.454160
0.144894
0.155819
0.840089
0.801863
0.062686
0.162676
0.298646
0.239085
0.218560
0.892829
0.467735
0.202431
0.803934
0.171962
0.345705
0.460371
0.252104
0.919210
0.941804
0.412671
0.735530
0.724643
0.457792
0.544986
0.011934
0.291100
0.527644
0.428504
0.535241
0.135902
0.506834
0.891299
0.258014
0.668323
0.523295
0.498399
0.330683
0.156853
0.125954
0.809423
0.056930
0.662708
0.162514
0.041835
0.013038
0.425924
0.443051
0.818640
0.162482
0.022555
0.251504
0.689090
0.431226
0.820250
0.084740
0.421808
0.155086
0.175332
0.496470
0.897629
0.633079
0.981799
0.112457
0.400077
0.671796
0.820686
0.486378
0.047409
0.806239
0.341864
0.431791
0.270054
0.333023
0.279208
0.855085
0.624599
0.579902
0.326455
0.818337
0.711274
0.442376
0.571961
0.265947
0.549399
0.656095
0.424802
0.246546
0.741645
0.196281
0.721647
0.981728
0.125019
0.252196
0.408276
0.386345
0.562515
0.522711
0.148936
0.468082
0.981160
0.753167
0.204418
0.128847
0.069849
0.586244
0.849375
0.501299
0.938664
0.213451
0.754632
0.450577
0.614224
0.273767
0.238621
0.154775
0.743789
0.162514
0.422597
0.960719
0.102070
0.982752
0.799474
0.745633
0.153552
0.428040
0.896801
0.132627
0.129914
0.788105
0.777564
0.691180
0.490062
0.596505
0.034391
0.205279
0.777528
0.753131
0.128449
0.683232
0.821321
0.544949
0.652998
0.423880
0.995834
0.427246
0.735269
0.561618
0.018474
0.378390
0.660109
0.891162
0.148366
0.627119
0.937543
0.330346
0.701796
0.499544
0.107481
0.295517
0.758175
0.439112
0.840860
0.718384
0.633423
0.407664
0.957276
0.113857
0.041835
0.881284
0.524134
0.230550
0.404356
0.319674
0.479469
0.817832
0.917703
0.104723
0.087536
0.490311
0.862109
0.459854
0.296791
0.172625
0.418434
0.648066
0.079933
0.357580
0.556281
0.672598
0.743789
0.637283
0.392356
0.243702
0.481086
0.179688
0.716355
0.628761
0.783508
0.243186
0.006392
0.721085
0.657166
0.459338
0.476977
0.645695
0.333815
0.727073
0.143067
0.093267
0.610186
0.484787
0.084008
0.282260
0.207012
0.987200
0.104900
0.465897
0.026315
0.729984
0.596353
0.905102
0.471421
0.904199
0.424703
0.648448
0.585828
0.349809
0.506221
0.345879
0.430395
0.161836
0.925581
0.818034
0.260158
0.357758
0.957378
0.409695
0.514204
0.007622
0.192061
0.912157
0.968919
0.955718
0.619294
0.805586
0.169433
0.915793
0.062987
0.545134
0.133665
0.641833
0.515074
0.216956
0.156649
0.511164
0.659727
0.250723
0.020453
0.317017
0.460061
0.731698
0.217304
0.061061
0.530062
0.637283
0.174266
0.659765
0.483129
0.011336
0.741941
0.676869
0.073290
0.201463
0.077060
0.128555
0.187132
0.339796
0.988164
0.207783
0.143155
0.857616
0.156116
0.767612
0.811979
0.565547
0.821990
0.339968
0.528413
0.071126
0.419218
0.475857
0.847168
0.156602
0.199826
0.059882
0.048593
0.178652
0.186823
0.103389
0.779455
0.219366
0.221442
0.536972
0.216997
0.459269
0.689052
0.808740
0.527717
0.154993
0.246478
0.341231
0.631015
0.780132
0.797493
0.056655
0.735678
0.620744
0.054560
0.133364
0.581562
0.144059
0.858753
0.418466
0.870326
0.569033
0.020994
0.815404
0.173889
0.763848
0.209772
0.121896
0.593169
0.644739
0.653916
0.914573
0.785740
0.555274
0.530062
0.532557
0.587227
0.868127
0.654948
0.550104
0.464235
0.267391
0.341174
0.572751
0.163944
0.346517
0.586773
0.473235
0.346866
0.719585
0.919210
0.551628
0.965125
0.657777
0.483728
0.875958
0.431725
0.843069
0.211756
0.720260
0.959480
0.904999
0.968480
0.969144
0.362823
0.648831
0.232255
0.889261
0.152138
0.257709
0.658160
0.233014
0.598630
0.804485
0.290150
0.461715
0.750380
0.168864
0.079083
0.701985
0.093527
0.674085
0.026300
0.900334
0.407567
0.587227
0.930478
0.629716
0.302379
0.829647
0.703725
0.016193
0.469959
0.227447
0.178110
0.524938
0.284855
0.313535
0.670918
0.614948
0.662593
0.061115
0.199960
0.450066
0.033705
0.916835
0.286299
0.623797
0.039627
0.532557
0.770893
0.338366
0.801379
0.922207
0.342468
0.564162
0.120447
0.444740
0.879769
0.176803
0.898906
0.340198
0.805827
0.899965
0.811469
0.129420
0.546913
0.953348
0.853782
0.944659
0.882990
0.651851
0.671300
0.655216
0.217777
0.997995
0.759596
0.606077
0.680337
0.170795
0.556952
0.479152
0.280356
0.208140
0.610491
0.693078
0.617273
0.683384
0.668399
0.342987
0.016792
0.923487
0.987338
0.845901
0.131636
0.037179
0.310591
0.786164
0.883754
0.502734
0.082283
0.611481
0.136473
0.673017
0.010512
0.905719
0.091787
0.736421
0.673322
0.236945
0.352651
0.010165
0.197609
0.426221
0.150659
0.089842
0.577114
0.148636
0.754119
0.040209
0.186406
0.583298
0.039627
0.430395
0.391759
0.362105
0.481438
0.570797
0.688406
0.815404
0.814998
0.533513
0.625019
0.705690
0.501228
0.056311
0.674581
0.054937
0.952237
0.768551
0.437502
0.895619
0.793900
0.737015
0.107311
0.424539
0.381720
0.980699
0.281657
0.873009
0.477118
0.135236
0.437569
0.819110
0.811401
0.812931
0.876278
0.704972
0.689622
0.422827
0.373154
0.625019
0.562216
0.187478
0.263433
0.457654
0.051211
0.965561
0.312777
0.115901
0.897869
0.040545
0.092073
0.638009
0.249210
0.673742
0.248297
0.756386
0.769164
0.828264
0.260441
0.945807
0.687873
0.732666
0.263004
0.868634
0.227979
0.657166
0.412769
0.248160
0.722209
0.680109
0.399441
0.334523
0.605050
0.142053
0.381102
0.430395
0.411537
0.553562
0.591767
0.400173
0.173051
0.468464
0.954005
0.949469
0.507843
0.189125
0.872304
0.356543
0.015472
0.301825
0.199193
0.201444
0.688406
0.682965
0.974611
0.651469
0.948984
0.519178
0.139389
0.360404
0.246978
0.147678
0.485070
0.841822
0.854590
0.556504
0.526510
0.476417
0.484893
0.505466
0.879597
0.361567
0.126162
0.614452
0.934905
0.644395
0.823357
0.566146
0.622728
0.468151
0.986870
0.587832
0.478942
0.285868
0.753936
0.101735
0.668895
0.721947
0.532337
0.775883
0.765152
0.250011
0.620553
0.672826
0.556094
0.164827
0.999082
0.757701
0.016090
0.851225
0.277146
0.659421
0.281783
0.670117
0.634990
0.975379
0.443895
0.899516
0.381102
