0.695241
0.165499
0.856075
0.429797
0.060428
0.430196
0.694293
0.196698
0.096890
0.536640
0.665496
0.446975
0.375047
0.411149
0.420758
0.559115
0.149132
0.240639
0.750270
0.256562
0.059963
0.847736
0.002930
0.480945
0.670995
0.009990
0.559974
0.329139
0.086595
0.142198
0.982002
0.230658
0.018338
0.575157
0.898003
0.674543
0.760470
0.761997
0.451872
0.448672
0.451360
0.300692
0.080143
0.246909
0.338795
0.803417
0.186497
0.101131
0.428769
0.164189
0.519869
0.160198
0.120623
0.160582
0.371146
0.129740
0.590745
0.359392
0.985215
0.433123
0.765840
0.183773
0.801483
0.413482
0.552743
0.111798
0.743826
0.306732
0.673475
0.238466
0.522164
0.017880
0.055179
0.094779
0.695241
0.078919
0.097972
0.424176
0.486413
0.113630
0.899648
0.602199
0.065194
0.789233
0.960005
0.648180
0.348729
0.560012
0.594078
0.644242
0.915671
0.988805
0.404388
0.081259
0.524317
0.407921
0.302088
0.220319
0.405157
0.040592
0.087291
0.991519
0.095911
0.681633
0.282059
0.804830
0.367211
0.815708
0.246320
0.853751
0.769164
0.739943
0.142429
0.714588
0.794529
0.883358
0.007187
0.038912
0.814186
0.906335
0.037610
0.390221
0.440995
0.271101
0.167415
0.126371
0.551256
0.191709
0.807165
0.543025
0.508852
0.736495
0.939344
0.246955
0.490737
0.106656
0.366638
0.249897
0.691483
0.114323
0.122810
0.839091
0.607408
0.127380
0.063651
0.266331
0.482283
0.094779
0.776706
0.092460
0.455974
0.035593
0.958203
0.991424
0.862504
0.183021
0.358975
0.550959
0.036323
0.125915
0.823491
0.673780
0.642024
0.483446
0.341749
0.601287
0.625668
0.903421
0.069089
0.105401
0.094972
0.212420
0.139317
0.720560
0.329251
0.351155
0.710332
0.963566
0.435059
0.320334
0.914205
0.129793
0.313671
0.467630
0.787753
0.552966
0.639271
0.174214
0.115067
0.114887
0.043567
0.137243
0.808398
0.238665
0.656057
0.138298
0.160694
0.416117
0.207150
0.928096
0.902823
0.618837
0.792429
0.388874
0.779598
0.481720
0.711350
0.691408
0.420791
0.770929
0.395731
0.537745
0.359659
0.537119
0.041936
0.742163
0.075920
0.860313
0.114695
0.589685
0.074394
0.120147
0.776706
0.684602
0.237011
0.153475
0.393742
0.632429
0.120385
0.873097
0.140272
0.142487
0.502699
0.221172
0.530722
0.671071
0.792815
0.653343
0.174713
0.050950
0.488254
0.962395
0.263124
0.878706
0.565884
0.477223
0.856538
0.434558
0.651775
0.880027
0.202470
0.989695
0.456934
0.081056
0.157451
0.895969
0.941824
0.445518
0.575797
0.272395
0.796483
0.636901
0.064458
0.371815
0.844121
0.168030
0.505178
0.963644
0.733150
0.556802
0.401352
0.639500
0.011058
0.665878
0.982394
0.433757
0.229519
0.874093
0.924250
0.007284
0.824688
0.090075
0.607826
0.762687
0.379806
0.990969
0.598174
0.009702
0.257451
0.834654
0.825949
0.419480
0.067793
0.955614
0.355066
0.120147
0.775131
0.880970
0.298462
0.329251
0.246524
0.786411
0.195846
0.277245
0.865192
0.199480
0.757810
0.578395
0.773374
0.032843
0.010552
0.480945
0.861836
0.543247
0.210832
0.990545
0.972550
0.373459
0.544875
0.524682
0.296401
0.866363
0.594799
0.018246
0.325647
0.929615
0.437636
0.855240
0.596884
0.320004
0.944776
0.718008
0.540069
0.571698
0.557436
0.739684
0.613690
0.771289
0.598288
0.979656
0.773912
0.843675
0.501802
0.131880
0.057730
0.036412
0.602313
0.047160
0.766202
0.060381
0.504063
0.862988
0.037926
0.058632
0.908776
0.372362
0.044559
0.801691
0.288131
0.912801
0.980773
0.563937
0.084703
0.359778
0.035643
0.937668
0.755583
0.396807
0.904018
0.757080
0.775131
0.169349
0.213653
0.338737
0.283341
0.367965
0.766889
0.315844
0.336114
0.511815
0.946941
0.148982
0.308577
0.942744
0.694255
0.523842
0.678051
0.136417
0.215116
0.843994
0.259685
0.243366
0.802934
0.896720
0.120635
0.412801
0.104126
0.046501
0.714061
0.571999
0.024506
0.254976
0.396775
0.197875
0.022190
0.563301
0.329475
0.396680
0.203773
0.171031
0.812829
0.803348
0.939385
0.310456
0.731475
0.539885
0.727297
0.581901
0.646689
0.214099
0.808603
0.668246
0.302405
0.923533
0.189823
0.350072
0.696076
0.118223
0.880828
0.416214
0.391193
0.274750
0.985393
0.514204
0.838446
0.119138
0.474702
0.099689
0.128463
0.482389
0.970475
0.741830
0.566783
0.742570
0.000172
0.112303
0.024923
0.009925
0.125915
0.498721
0.094911
0.205751
0.585828
0.090298
0.248936
0.156163
0.552743
0.418303
0.433223
0.705992
0.605506
0.720597
0.185555
0.110873
0.290586
0.594116
0.309596
0.683917
0.802209
0.594306
0.058494
0.668093
0.897496
0.894188
0.915914
0.654107
0.894377
0.972301
0.096425
0.740610
0.951257
0.824455
0.062532
0.192955
0.933295
0.504710
0.232797
0.634493
0.368388
0.037309
0.808706
0.862200
0.498614
0.990877
0.596922
0.423254
0.515872
0.981860
0.892202
0.188154
0.426915
0.879568
0.303940
0.938395
0.789514
0.409178
0.854745
0.441466
0.878418
0.591578
0.800063
0.413580
0.610262
0.210532
0.376027
0.649825
0.647416
0.879195
0.000172
0.199807
0.218209
0.021712
0.818135
0.929504
0.132137
0.915160
0.537045
0.052002
0.270346
0.461783
0.182825
0.874677
0.271759
0.780310
0.002719
0.734043
0.921457
0.466729
0.345328
0.340083
0.349488
0.179073
0.014933
0.566296
0.099371
0.814389
0.206223
0.484470
0.408566
0.881512
0.596239
0.008887
0.504782
0.243995
0.470028
0.371419
0.685249
0.596732
0.049640
0.513624
0.206755
0.064093
0.161804
0.143796
0.976978
0.797876
0.164581
0.127196
0.820250
0.202334
0.882053
0.394467
0.096601
0.520962
0.815438
0.793060
0.808911
0.624103
0.899569
0.422958
0.642521
0.426353
0.148861
0.020286
0.764790
0.689736
0.195054
0.114395
0.486024
0.106409
0.615520
0.879195
0.545875
0.021592
0.540845
0.441500
0.482812
0.998600
0.341174
0.834914
0.977828
0.132164
0.855364
0.568808
0.875464
0.177900
0.192974
0.831223
0.734303
0.598743
0.771217
0.716844
0.516162
0.191115
0.770821
0.269933
0.319702
0.102472
0.816147
0.046576
0.804830
0.341346
0.036442
0.687797
0.424011
0.332712
0.206913
0.765732
0.283870
0.099339
0.061239
0.739351
0.034852
0.025325
0.051363
0.149509
0.216874
0.718909
0.468394
0.250516
0.382122
0.630901
0.604936
0.083354
0.969661
0.374772
0.269399
0.444943
0.429266
0.218106
0.331471
0.540254
0.933920
0.067075
0.162110
0.340485
0.381380
0.528706
0.177813
0.132627
0.735047
0.942165
0.407052
0.852038
0.971490
0.031430
0.545875
0.628265
0.690876
0.241709
0.124296
0.172438
0.732443
0.972642
0.672140
0.123180
0.518560
0.140630
0.654337
0.055498
0.355745
0.302247
0.464547
0.833089
0.086035
0.784749
0.048921
0.918039
0.377376
0.696682
0.978069
0.233057
0.657777
0.797528
0.072042
0.740424
0.348467
0.048416
0.778706
0.715791
0.820719
0.630748
0.236286
0.590329
0.507915
0.165154
0.311912
0.030651
0.024212
0.626508
0.769020
0.425330
0.095706
0.024194
0.767431
0.001706
0.671873
0.855426
0.686390
0.235235
0.268865
0.812489
0.389970
0.613728
0.812047
0.030471
0.118395
0.542766
0.977724
0.360583
0.641106
0.298096
0.816316
0.322872
0.903577
0.813745
0.332007
0.447993
0.001031
0.031430
0.126214
0.532153
0.332628
0.905719
0.429134
0.381535
0.513842
0.631206
0.105881
0.616968
0.621736
0.762251
0.297000
0.743752
0.198983
0.598819
0.941602
0.352710
0.510838
0.694293
0.473060
0.379929
0.036497
0.037405
0.912777
0.293548
0.529439
0.093899
0.451054
0.927759
0.236396
0.151511
0.391884
0.693230
0.001806
0.888069
0.648372
0.297809
0.898906
0.310376
0.181916
0.941199
0.359362
0.068990
0.652731
0.436330
0.422432
0.118013
0.181934
0.835532
0.815336
0.197914
0.861288
0.995030
0.004707
0.940387
0.025491
0.713158
0.225537
0.091668
0.426519
0.462750
0.722771
0.226003
0.410826
0.584091
0.797632
0.491376
0.330037
0.705501
0.156680
0.067343
0.737015
0.251205
0.126214
0.999729
0.869941
0.352064
0.500224
0.758904
0.537377
0.187042
0.719284
0.557287
0.584733
0.354859
0.293470
0.301166
0.739869
0.210191
0.170896
0.503058
0.619371
0.843324
0.417845
0.271540
0.441130
0.176630
0.121352
0.217901
0.185971
0.973574
0.210472
0.516126
0.915696
0.276304
0.597339
0.082256
0.113013
0.695089
0.799439
0.716092
0.653304
0.954726
0.863321
0.955145
0.861379
0.252842
0.462715
0.023633
0.029424
0.964243
0.703687
0.378944
0.467700
0.839445
0.328802
0.072904
0.642674
0.338223
0.784607
0.967214
0.592904
0.496791
0.967039
0.331049
0.056267
0.400077
0.255582
0.409695
0.208517
0.807508
0.857309
0.333589
0.446873
0.829844
0.015089
0.251205
0.016457
0.539774
0.777992
0.309677
0.576700
0.636748
0.733224
0.305480
0.060306
0.624752
0.771577
0.789901
0.590253
0.300350
0.550327
0.343535
0.013670
0.900966
0.521508
0.451224
0.725615
0.684792
0.273620
0.531713
0.337424
0.012518
0.770749
0.876133
0.981615
0.025837
0.220278
0.917703
0.983366
0.623454
0.084694
0.914083
0.623759
0.429864
0.055780
0.325202
0.385411
0.496970
0.516489
0.632582
0.363662
0.617998
0.116678
0.074944
0.377314
0.333165
0.233209
0.246955
0.598326
0.982375
0.506978
0.929903
0.898402
0.079437
0.036361
0.677861
0.218209
0.125045
0.258908
0.292876
0.509755
0.113274
0.239706
0.890337
0.974723
0.708823
0.525596
0.386345
0.821321
0.103729
0.016457
0.042870
0.017104
0.645733
0.500690
0.685477
0.057503
0.924411
0.692053
0.847357
0.553227
0.332261
0.361060
0.866393
0.703460
0.033974
0.479293
0.618341
0.006671
0.804416
0.717895
0.376946
0.489992
0.325202
0.493226
0.123027
0.960233
0.173154
0.535940
0.837574
0.161771
0.815775
0.707805
0.456419
0.160230
0.863261
0.330683
0.661408
0.098286
0.994990
0.998662
0.017098
0.877985
0.396553
0.049555
0.681023
0.253282
0.074894
0.964228
0.700130
0.591995
0.883131
0.466902
0.035493
0.952327
0.948496
0.305320
0.942864
0.769561
0.582467
0.555759
0.938167
0.636710
0.109402
0.829450
0.329167
0.342353
0.478977
0.079646
0.327096
0.031545
0.749792
0.054993
0.103729
0.422071
0.174146
0.480242
0.800999
0.429930
0.128000
0.026688
0.967793
0.980561
0.147409
0.464374
0.314892
0.686010
0.100573
0.581034
0.858753
0.914402
0.261531
0.171556
0.905873
0.491163
0.958236
0.127499
0.429598
0.201850
0.462715
0.838091
0.510152
0.451326
0.351682
0.998754
0.534616
0.792534
0.060550
0.405703
0.264867
0.806822
0.784430
0.427411
0.995672
0.918805
0.860038
0.458135
0.998918
0.237011
0.129180
0.187716
0.808398
0.099360
0.255465
0.274947
0.233644
0.494758
0.908827
0.983644
0.663510
0.761124
0.499437
0.392293
0.666069
0.461956
0.350774
0.432024
0.309730
0.484575
0.506870
0.728081
0.415335
0.249393
0.731586
0.676526
0.055736
0.546802
0.029644
0.422071
0.672216
0.314729
0.692585
0.218973
0.758503
0.361179
0.192452
0.558182
0.722434
0.371268
0.994307
0.480418
0.675840
0.250195
0.103960
0.078300
0.919043
0.884262
0.900492
0.083363
0.770281
0.738721
0.094505
0.029612
0.452725
0.698767
0.184869
0.897763
0.125784
0.576098
0.066711
0.070299
0.176560
0.422432
0.287748
0.610795
0.942724
0.116727
0.526327
0.988707
0.980878
0.509935
0.534101
0.755583
0.380886
0.736532
0.090512
0.226957
0.362315
0.004361
0.037549
0.480031
0.388937
0.877812
0.632238
0.416084
0.851006
0.758867
0.923255
0.297496
0.546098
0.007942
0.331358
0.227617
0.114947
0.926197
0.219593
0.022935
0.412996
0.011249
0.542877
0.173906
0.029644
0.161417
0.724044
0.205711
0.692509
0.142458
0.200653
0.456214
0.438474
0.925513
0.801414
0.817731
0.688748
0.169014
0.926265
0.125693
0.410470
0.779633
0.165450
0.734154
0.961122
0.990936
0.315981
0.805655
0.288513
0.515509
0.618684
0.893401
0.463544
0.200980
0.387780
0.361478
0.741165
0.999632
0.714324
0.544431
0.424604
0.927578
0.984247
0.516489
0.553227
0.648983
0.399218
0.377253
0.184294
0.379744
0.398138
0.433490
0.115320
0.090883
0.694786
0.241307
0.888402
0.656707
0.459820
0.164810
0.855395
0.175574
0.437033
0.313454
0.666680
0.418270
0.908852
0.765768
0.567121
0.005895
0.785244
0.065718
0.297156
0.387530
0.390252
0.649289
0.517578
0.052744
0.199538
0.161417
0.084584
0.164843
0.000332
0.708144
0.900202
0.514494
0.726774
0.463993
0.778278
0.217489
0.862443
0.852256
0.962237
0.439179
0.758539
0.849280
0.272028
0.980794
0.753460
0.990732
0.338480
0.208477
0.589383
0.377837
0.055285
0.840153
0.386034
0.531786
0.120247
0.750270
0.568208
0.343795
0.879310
0.916303
0.097607
0.426882
0.601629
0.145409
0.635372
0.426320
0.675649
0.988318
0.877032
0.534395
0.026975
0.549064
0.622499
0.590556
0.120987
0.432790
0.232493
0.285690
0.373581
0.655598
0.484575
0.294972
0.544431
0.496648
0.542877
0.985313
0.227340
0.331584
0.956372
0.056994
0.861532
0.258414
0.847705
0.539479
0.559526
0.238599
0.514711
0.616320
0.199538
0.718797
0.202489
0.586584
0.427610
0.406056
0.528303
0.612700
0.110188
0.566971
0.264556
0.860923
0.706899
0.485671
0.659880
0.696000
0.658160
0.188172
0.755619
0.810311
0.260323
0.823590
0.432657
0.016016
0.932058
0.669697
0.686618
0.157467
0.425033
0.794634
0.005231
0.777564
0.725914
0.223871
0.673818
0.752215
0.955058
0.650742
0.490666
0.924088
0.427246
0.254930
0.464858
0.209114
0.994374
0.627424
0.899331
0.374375
0.753021
0.424670
0.603453
0.958320
0.001609
0.253351
0.112209
0.332148
0.384199
0.763666
0.951330
0.993944
0.872451
0.797076
0.391979
0.952848
0.612395
0.412347
0.217757
0.232753
0.375567
0.746849
0.681747
0.447178
0.224692
0.074935
0.141160
0.718797
0.311372
0.552222
0.118223
0.287163
0.660377
0.392010
0.348875
0.875929
0.190136
0.271442
0.301825
0.144102
0.479609
0.561170
0.751224
0.437066
0.008298
0.754449
0.977225
0.558518
0.481121
0.396268
0.998030
0.784926
0.536861
0.149599
0.514639
0.845457
0.505286
0.509358
0.170930
0.613538
0.995427
0.973497
0.680071
0.213390
0.402469
0.016183
0.303172
0.899701
0.869466
0.838672
0.398869
0.779241
0.778456
0.975244
0.945903
0.771541
0.182932
0.218498
0.282561
0.685021
0.915257
0.720710
0.085802
0.495863
0.550030
0.565697
0.129566
0.736458
0.590745
0.461060
0.014665
0.056540
0.683384
0.014047
0.695583
0.527351
0.366668
0.215177
0.009453
0.358470
0.141160
