0.552185
0.555386
0.314783
0.714625
0.064782
0.181384
0.528193
0.159559
0.303966
0.870681
0.516670
0.403524
0.476487
0.281783
0.054726
0.046114
0.145247
0.660682
0.662020
0.635334
0.916907
0.046209
0.589875
0.613195
0.006931
0.259426
0.249714
0.739314
0.886732
0.037693
0.267198
0.453613
0.916472
0.071701
0.964792
0.906795
0.103938
0.380886
0.880342
0.728417
0.756058
0.641221
0.414424
0.117375
0.181543
0.366246
0.909960
0.892857
0.546913
0.472851
0.178477
0.644548
0.918757
0.621965
0.158098
0.694255
0.468637
0.717294
0.891956
0.349692
0.345850
0.474807
0.089138
0.163277
0.865613
0.458616
0.976396
0.281407
0.030967
0.283795
0.217859
0.783863
0.493297
0.094870
0.552185
0.706521
0.641144
0.117890
0.198142
0.493511
0.589307
0.225283
0.197780
0.275317
0.989168
0.138397
0.434925
0.483587
0.579978
0.107006
0.161868
0.369084
0.502447
0.399027
0.717971
0.843548
0.973110
0.376118
0.363093
0.603605
0.792745
0.542729
0.019808
0.205260
0.528156
0.058402
0.258743
0.212521
0.388467
0.953916
0.013643
0.982234
0.328466
0.763122
0.031701
0.678775
0.227255
0.845869
0.774701
0.377437
0.184222
0.715829
0.007616
0.898986
0.519142
0.772368
0.537045
0.484470
0.910787
0.536272
0.118507
0.560945
0.835467
0.293548
0.586206
0.247546
0.801033
0.525596
0.820183
0.356869
0.738906
0.336398
0.245777
0.147782
0.326427
0.594078
0.783154
0.104956
0.649863
0.373490
0.580393
0.984881
0.379806
0.834002
0.526546
0.465620
0.332402
0.669659
0.857032
0.223934
0.311534
0.981202
0.821087
0.565322
0.378821
0.665535
0.122111
0.550884
0.857893
0.366427
0.019641
0.795681
0.642253
0.541214
0.300508
0.768298
0.604670
0.867202
0.783118
0.212844
0.853098
0.169031
0.965215
0.059247
0.664083
0.969410
0.921316
0.664389
0.507879
0.310241
0.248594
0.131974
0.215442
0.193460
0.097263
0.449352
0.664732
0.708182
0.684754
0.258555
0.090903
0.635983
0.050517
0.336540
0.083119
0.435660
0.250860
0.466278
0.494544
0.503812
0.980337
0.312696
0.714625
0.278710
0.617998
0.063993
0.791973
0.793655
0.112575
0.128502
0.898428
0.229584
0.649863
0.183594
0.739091
0.098192
0.795542
0.118050
0.012187
0.832893
0.557511
0.722284
0.900861
0.410923
0.672903
0.963936
0.428073
0.034641
0.800756
0.968009
0.494971
0.307399
0.262861
0.861988
0.602617
0.299196
0.119312
0.417486
0.920326
0.866123
0.120862
0.419775
0.173529
0.081818
0.300692
0.131568
0.326148
0.172779
0.459785
0.341547
0.045809
0.316308
0.199078
0.476032
0.380917
0.921363
0.721535
0.107777
0.059334
0.315981
0.665993
0.470411
0.016598
0.007954
0.088525
0.170138
0.194735
0.396237
0.273252
0.851288
0.287341
0.522310
0.888124
0.005553
0.997334
0.901648
0.706785
0.315110
0.337110
0.105848
0.697592
0.736198
0.350452
0.227425
0.897362
0.229584
0.910036
0.308255
0.638812
0.058777
0.046151
0.965351
0.454160
0.470376
0.139730
0.562590
0.453955
0.727297
0.097430
0.141779
0.245031
0.105323
0.202043
0.417584
0.841245
0.670689
0.346634
0.688520
0.465827
0.711237
0.896452
0.434725
0.913049
0.866903
0.214018
0.774737
0.955735
0.428040
0.331809
0.158700
0.347418
0.626202
0.508600
0.863352
0.158558
0.704632
0.129100
0.221463
0.281031
0.723108
0.417911
0.785810
0.821288
0.648027
0.750784
0.719585
0.239218
0.032662
0.404004
0.782834
0.275218
0.019734
0.801863
0.149554
0.135582
0.589761
0.302749
0.142357
0.906539
0.524828
0.435092
0.504171
0.665535
0.309596
0.034162
0.848367
0.604137
0.274111
0.102995
0.398392
0.910036
0.342382
0.811401
0.318275
0.710784
0.225770
0.429698
0.038293
0.297757
0.522748
0.254744
0.194960
0.155491
0.913911
0.706030
0.275144
0.186243
0.618722
0.727782
0.407117
0.675039
0.461232
0.458238
0.279457
0.855364
0.202606
0.418891
0.252450
0.434224
0.381813
0.612547
0.060638
0.863412
0.065989
0.042594
0.550921
0.142053
0.443422
0.151359
0.814050
0.990424
0.519615
0.711764
0.693230
0.155647
0.848682
0.003649
0.328158
0.178967
0.313508
0.952255
0.757372
0.177691
0.377069
0.003320
0.010656
0.993160
0.596239
0.687949
0.358737
0.930324
0.843962
0.992952
0.070174
0.353092
0.829186
0.991901
0.893401
0.422564
0.006965
0.291562
0.422728
0.059301
0.398392
0.935713
0.586017
0.134545
0.907686
0.972406
0.710822
0.506149
0.730767
0.023234
0.518923
0.658504
0.856754
0.198983
0.849375
0.121896
0.501515
0.021452
0.977562
0.564424
0.845012
0.683765
0.755948
0.329587
0.030756
0.696682
0.756240
0.804038
0.967664
0.469194
0.998596
0.531272
0.167232
0.352680
0.685249
0.622996
0.894486
0.341720
0.351038
0.160838
0.358916
0.514023
0.878476
0.953402
0.507338
0.776670
0.416769
0.546023
0.446162
0.794005
0.203578
0.397567
0.899489
0.113857
0.960590
0.095308
0.581335
0.913763
0.808056
0.083835
0.996417
0.144088
0.416638
0.064408
0.049940
0.835207
0.475472
0.527644
0.798085
0.364022
0.563900
0.305826
0.121201
0.952848
0.325257
0.935713
0.614300
0.777814
0.085830
0.113333
0.449250
0.676412
0.633728
0.382804
0.101282
0.326845
0.414034
0.415661
0.346692
0.463613
0.192806
0.185465
0.170441
0.951930
0.323925
0.035094
0.049776
0.446026
0.268648
0.344315
0.387093
0.545579
0.874180
0.082938
0.326315
0.826909
0.227489
0.149268
0.298436
0.236967
0.755436
0.654107
0.566109
0.063503
0.804692
0.034298
0.326817
0.475367
0.817496
0.132708
0.754559
0.034134
0.355804
0.265395
0.513298
0.880313
0.077229
0.865373
0.495756
0.275958
0.657242
0.878936
0.613919
0.022155
0.034706
0.007254
0.891162
0.024659
0.067425
0.950708
0.714400
0.980857
0.336114
0.113250
0.903992
0.172098
0.186515
0.736718
0.325257
0.485105
0.843292
0.050944
0.339109
0.371146
0.280206
0.510802
0.054492
0.678928
0.305373
0.367452
0.009728
0.929081
0.974272
0.255279
0.151450
0.819982
0.717895
0.743124
0.208716
0.047393
0.693458
0.072616
0.766781
0.976132
0.260796
0.094972
0.682661
0.587378
0.479715
0.303728
0.854776
0.854372
0.300114
0.468394
0.934585
0.036770
0.071393
0.770389
0.910086
0.708861
0.212017
0.123398
0.395320
0.943400
0.406281
0.430760
0.031051
0.913369
0.868485
0.994684
0.287799
0.783863
0.127367
0.216607
0.594003
0.749388
0.484046
0.345850
0.809867
0.710860
0.303781
0.546802
0.655522
0.036792
0.363183
0.109172
0.383920
0.075804
0.294583
0.399982
0.088439
0.683765
0.179811
0.485105
0.431658
0.340427
0.490666
0.434057
0.695431
0.653037
0.042516
0.748469
0.102602
0.961250
0.604099
0.900492
0.999247
0.240150
0.804451
0.987143
0.625477
0.427279
0.971235
0.833023
0.501013
0.648869
0.073954
0.102092
0.672369
0.256772
0.024527
0.048223
0.822491
0.407728
0.386252
0.716919
0.042408
0.774343
0.313942
0.921527
0.092489
0.534542
0.972720
0.104313
0.811673
0.338623
0.528889
0.160887
0.055831
0.282687
0.544283
0.034491
0.500654
0.100328
0.682166
0.626164
0.654337
0.001107
0.630404
0.013592
0.371997
0.079750
0.244062
0.547358
0.858292
0.151344
0.641565
0.729387
0.579337
0.633384
0.477153
0.740721
0.013121
0.086445
0.541583
0.861471
0.179811
0.836862
0.554902
0.785350
0.056115
0.288437
0.691142
0.374436
0.782053
0.548508
0.199960
0.329812
0.500439
0.679347
0.603415
0.234886
0.218045
0.819143
0.110118
0.683156
0.575646
0.587756
0.385038
0.030327
0.050800
0.439751
0.330627
0.023104
0.095788
0.588550
0.832370
0.632123
0.124386
0.599882
0.021070
0.621698
0.445112
0.140029
0.734452
0.822090
0.719810
0.383392
0.992996
0.168830
0.363153
0.470515
0.857401
0.883923
0.572901
0.315572
0.012633
0.809765
0.655254
0.005883
0.477328
0.850254
0.930191
0.997191
0.280231
0.492834
0.995818
0.150872
0.078626
0.882224
0.730133
0.441365
0.005599
0.788916
0.242939
0.495649
0.619104
0.846567
0.318823
0.376977
0.417943
0.836862
0.398424
0.579375
0.360702
0.016790
0.346808
0.993863
0.184419
0.795786
0.674391
0.067951
0.560609
0.026738
0.283769
0.481790
0.613995
0.089832
0.599009
0.253908
0.326399
0.021633
0.202975
0.682204
0.116727
0.203383
0.223703
0.384448
0.872744
0.174644
0.285969
0.142328
0.772979
0.582543
0.719059
0.587378
0.779384
0.142429
0.487475
0.773697
0.450236
0.190708
0.821288
0.512828
0.396997
0.892147
0.197400
0.829844
0.654566
0.420988
0.240350
0.680337
0.846820
0.519796
0.991361
0.087451
0.805655
0.314376
0.364862
0.634646
0.722621
0.211233
0.801137
0.499043
0.027297
0.653534
0.633614
0.090278
0.269884
0.801691
0.980930
0.073411
0.062184
0.085839
0.417943
0.325341
0.254720
0.774988
0.200865
0.178564
0.209532
0.287876
0.172864
0.428040
0.851131
0.571849
0.250080
0.715001
0.810958
0.746481
0.637359
0.529769
0.692737
0.625591
0.391099
0.403236
0.823624
0.010051
0.772584
0.111422
0.053442
0.274504
0.763521
0.900202
0.219386
0.528266
0.195393
0.287647
0.595595
0.244625
0.397377
0.969102
0.339252
0.122517
0.327543
0.025806
0.003159
0.792499
0.754449
0.022182
0.033713
0.038054
0.080029
0.886536
0.743124
0.767684
0.577717
0.217715
0.438508
0.966467
0.301166
0.224123
0.655407
0.209952
0.519942
0.837832
0.994834
0.186370
0.340686
0.346082
0.167282
0.015343
0.042184
0.638736
0.992082
0.041903
0.495150
0.274553
0.008973
0.325341
0.397631
0.404388
0.867799
0.054912
0.538888
0.490311
0.493333
0.733373
0.614681
0.642368
0.186370
0.414880
0.864499
0.666490
0.070579
0.665955
0.101013
0.116471
0.901491
0.772835
0.704972
0.167514
0.278884
0.734749
0.521909
0.459063
0.595974
0.276329
0.495970
0.233492
0.945923
0.066253
0.212885
0.334297
0.147335
0.027528
0.327655
0.132654
0.007051
0.920939
0.123283
0.113690
0.048146
0.067053
0.899039
0.977667
0.787506
0.979338
0.050185
0.062191
0.442545
0.088534
0.120185
0.184779
0.756642
0.115646
0.747696
0.414489
0.434591
0.069434
0.061273
0.258814
0.858262
0.072448
0.374742
0.746849
0.549584
0.099562
0.154248
0.829746
0.049302
0.257405
0.008973
0.982194
0.901831
0.385256
0.355656
0.279108
0.515473
0.095942
0.100927
0.570046
0.528779
0.866183
0.922697
0.174214
0.648792
0.863866
0.324396
0.200633
0.573615
0.251021
0.462335
0.087839
0.180658
0.354505
0.955075
0.839155
0.788035
0.909054
0.233426
0.664083
0.707842
0.467214
0.879740
0.532410
0.538225
0.006507
0.622385
0.584430
0.093608
0.666031
0.570084
0.017305
0.832108
0.031025
0.690078
0.532704
0.990619
0.567833
0.135763
0.365584
0.041288
0.284678
0.827240
0.022198
0.657089
0.883103
0.357165
0.848493
0.961586
0.422958
0.378421
0.305719
0.678547
0.190376
0.515944
0.615177
0.480312
0.519214
0.350394
0.775525
0.551479
0.151435
0.660415
0.950726
0.930699
0.982194
0.124877
0.297887
0.159400
0.037675
0.849846
0.596012
0.615824
0.296948
0.425099
0.613462
0.900782
0.467249
0.855581
0.552222
0.460439
0.711312
0.353004
0.219138
0.228214
0.417486
0.540660
0.360106
0.445823
0.003733
0.893673
0.241932
0.216915
0.910737
0.742754
0.354417
0.265779
0.218787
0.808740
0.256866
0.810720
0.568845
0.458994
0.620591
0.220776
0.087678
0.072432
0.478801
0.915793
0.044223
0.283719
0.669201
0.867620
0.520160
0.830961
0.864047
0.587113
0.458616
0.717633
0.758503
0.426849
0.688672
0.007729
0.208756
0.870888
0.859641
0.772081
0.226384
0.422892
0.050082
0.084492
0.701531
0.483940
0.297939
0.017976
0.436597
0.247568
0.921198
0.930699
0.708408
0.737534
0.211193
0.035994
0.297861
0.265707
0.209752
0.317646
0.876771
0.810208
0.646421
0.642139
0.394025
0.354918
0.793690
0.351419
0.167963
0.946673
0.672636
0.052786
0.045589
0.129206
0.583562
0.327068
0.560012
0.912157
0.734377
0.168480
0.975939
0.169617
0.565210
0.472711
0.383796
0.860068
0.054535
0.703082
0.978069
0.695241
0.088286
0.812455
0.389751
0.566896
0.950063
0.406281
0.520743
0.212582
0.117940
0.261982
0.703838
0.846091
0.239218
0.589496
0.650781
0.159639
0.337937
0.773338
0.296844
0.827372
0.161481
0.907381
0.798780
0.269205
0.091304
0.099551
0.069097
0.328018
0.449556
0.454468
0.990712
0.616015
0.039402
0.347215
0.285285
0.951038
0.708408
0.884205
0.587529
0.566746
0.546616
0.057251
0.876771
0.189897
0.436330
0.154000
0.159479
0.953739
0.315518
0.093297
0.952074
0.059990
0.742200
0.871420
0.722696
0.779348
0.687531
0.064164
0.681785
0.918231
0.953686
0.330936
0.725989
0.742939
0.079273
0.093889
0.622576
0.157546
0.195639
0.221755
0.360911
0.013223
0.298646
0.284072
0.257921
0.000288
0.276280
0.228984
0.857216
0.976492
0.358559
0.111727
0.238289
0.353033
0.659230
0.936242
0.972209
0.324646
0.715490
0.399886
0.898216
0.448604
0.331640
0.123795
0.096261
0.812659
0.888624
0.394404
0.319564
0.743752
0.097274
0.141505
0.363212
0.238577
0.440490
0.040288
0.479609
0.775990
0.977248
0.951038
0.617159
0.928073
0.280506
0.767540
0.696834
0.528449
0.232039
0.260228
0.003067
0.831420
0.262623
0.301956
0.536566
0.549102
0.228684
0.558630
0.194171
0.669926
0.067530
0.419120
0.126947
0.285893
0.258578
0.811469
0.871124
0.311696
0.132205
0.792464
0.367120
0.533990
0.519069
0.347186
0.054646
0.686999
0.200518
0.455529
0.244625
0.277592
0.625821
0.537856
0.891381
0.017505
0.043617
0.676526
0.718421
0.283291
0.096220
0.128396
0.498900
0.618150
0.893917
0.363452
0.234035
0.238179
0.418597
0.911361
0.371328
0.806307
0.014403
0.151542
0.485777
0.379344
0.265971
0.111493
0.805620
0.945768
0.726961
0.252889
0.496113
0.332091
0.500977
0.299012
0.821355
0.016730
0.617159
0.422136
0.071283
0.771613
0.948100
0.870445
0.986962
0.208319
0.458926
0.685211
0.356129
0.964792
0.744416
0.206420
0.053309
0.883131
0.785598
0.062274
0.817395
0.695962
0.774056
0.740165
0.694407
0.800479
0.561581
0.970557
0.086933
0.422498
0.441770
0.346285
0.046024
0.630404
0.331330
0.279881
0.049617
0.108084
0.769741
0.704141
0.119324
0.450134
0.447721
0.231801
0.492585
0.049128
0.423188
0.983085
0.994278
0.853534
0.472153
0.925535
0.112421
0.139119
0.308362
0.724081
0.584242
0.190302
0.032551
0.844949
0.572149
0.388436
0.986628
0.519360
0.414489
0.455905
0.003046
0.619638
0.735567
0.104358
0.299825
0.106274
0.207783
0.279856
0.009056
0.016730
