0.213897
0.036403
0.224861
0.040545
0.419120
0.544875
0.792780
0.229562
0.155164
0.001036
0.610529
0.059201
0.157530
0.384914
0.030879
0.994711
0.323370
0.313264
0.186333
0.910587
0.306759
0.956218
0.282084
0.618265
0.507230
0.259544
0.361030
0.161739
0.251481
0.212219
0.206499
0.912653
0.436865
0.530465
0.516634
0.484081
0.998842
0.293289
0.711839
0.258202
0.403684
0.310968
0.915355
0.945574
0.479644
0.116107
0.176041
0.170188
0.151588
0.027966
0.903784
0.009503
0.161965
0.279956
0.857524
0.219014
0.216136
0.817361
0.020545
0.812285
0.584430
0.978149
0.429266
0.089687
0.353268
0.785633
0.059401
0.461439
0.197419
0.466555
0.180375
0.257311
0.739091
0.268164
0.213897
0.623492
0.742015
0.398202
0.337338
0.382618
0.908397
0.692395
0.250837
0.200248
0.255046
0.347884
0.627233
0.705879
0.938374
0.794809
0.654604
0.443625
0.664159
0.023747
0.348729
0.394246
0.921574
0.758649
0.096673
0.764681
0.441264
0.793340
0.840217
0.602009
0.197286
0.718496
0.734266
0.095594
0.408243
0.537856
0.091265
0.967635
0.732182
0.515582
0.901595
0.493012
0.022612
0.996718
0.976289
0.844694
0.888013
0.071614
0.363123
0.846630
0.081774
0.045370
0.082327
0.986978
0.886983
0.519105
0.896452
0.068245
0.727633
0.621736
0.113702
0.414164
0.542323
0.501658
0.959068
0.055812
0.870533
0.005473
0.620248
0.566259
0.308979
0.083544
0.637971
0.268164
0.981212
0.289971
0.741793
0.858753
0.256726
0.373002
0.301008
0.333334
0.052470
0.049257
0.347768
0.886368
0.138694
0.604898
0.107334
0.014576
0.399091
0.612014
0.751811
0.605164
0.401160
0.687645
0.245212
0.098980
0.233752
0.932080
0.915379
0.030949
0.461646
0.375353
0.278262
0.635563
0.238665
0.936136
0.116813
0.530135
0.224566
0.958085
0.062490
0.968224
0.896747
0.751004
0.750049
0.527058
0.127855
0.505394
0.429930
0.720035
0.979645
0.769128
0.498042
0.546653
0.785563
0.145041
0.300824
0.965275
0.425396
0.692433
0.880227
0.962190
0.386937
0.976789
0.989660
0.266716
0.633423
0.831617
0.465827
0.683232
0.386034
0.196092
0.979820
0.169466
0.281682
0.863594
0.981212
0.053056
0.284097
0.004103
0.899489
0.985746
0.383858
0.306065
0.589950
0.094293
0.208140
0.495934
0.119760
0.897095
0.544357
0.073218
0.801414
0.489282
0.076212
0.231888
0.502124
0.107176
0.473968
0.479609
0.121416
0.034451
0.269180
0.670728
0.429465
0.117743
0.375996
0.071417
0.358648
0.961347
0.164532
0.746665
0.879883
0.617388
0.523003
0.875813
0.191894
0.342238
0.177743
0.315599
0.514748
0.331950
0.408985
0.673399
0.540291
0.195243
0.083862
0.294764
0.225960
0.865553
0.517215
0.062735
0.591465
0.695014
0.234428
0.557511
0.934242
0.094323
0.605278
0.752361
0.467839
0.140515
0.035831
0.911112
0.199270
0.866723
0.343449
0.762069
0.615062
0.863594
0.159639
0.909407
0.827768
0.104678
0.382091
0.573014
0.510802
0.280956
0.182629
0.728790
0.893401
0.125628
0.322762
0.406892
0.962111
0.183254
0.431325
0.141606
0.869941
0.078326
0.404580
0.434090
0.711689
0.591086
0.935565
0.915744
0.827074
0.318495
0.146591
0.311777
0.209932
0.321464
0.380670
0.680414
0.905950
0.481684
0.509105
0.630060
0.310618
0.136976
0.230120
0.842622
0.573352
0.476067
0.866063
0.059983
0.722809
0.238975
0.519396
0.615062
0.418924
0.312642
0.657204
0.622843
0.040592
0.530795
0.754339
0.811265
0.487298
0.226554
0.791833
0.594495
0.514748
0.603567
0.679118
0.801691
0.122925
0.133679
0.906488
0.265083
0.818438
0.582316
0.295933
0.066837
0.159639
0.581977
0.625553
0.606761
0.444639
0.735567
0.304709
0.098843
0.652234
0.712743
0.948759
0.955649
0.011062
0.209892
0.723033
0.590064
0.508708
0.463509
0.840442
0.723220
0.471979
0.774091
0.881911
0.221463
0.336711
0.577604
0.341231
0.279582
0.793865
0.222759
0.346605
0.026624
0.591162
0.054621
0.835532
0.373856
0.594457
0.141664
0.635907
0.367150
0.073775
0.946058
0.859059
0.118952
0.860709
0.274160
0.771073
0.239440
0.571698
0.679080
0.463199
0.535646
0.307159
0.827967
0.145969
0.268091
0.939570
0.635830
0.928790
0.311804
0.287316
0.280281
0.997702
0.617655
0.848493
0.613614
0.096683
0.528596
0.336825
0.453647
0.097836
0.513805
0.145689
0.066837
0.316908
0.414067
0.800722
0.241865
0.058297
0.357936
0.972720
0.231801
0.064854
0.728044
0.385536
0.080177
0.261649
0.948459
0.139303
0.961122
0.051060
0.265203
0.000694
0.922860
0.393111
0.754559
0.396617
0.319235
0.913419
0.550030
0.449352
0.429034
0.662058
0.629869
0.668284
0.247591
0.507230
0.072680
0.690572
0.293651
0.987874
0.524353
0.697137
0.989445
0.815032
0.228556
0.804967
0.948496
0.721310
0.574330
0.568845
0.088773
0.016857
0.135250
0.253560
0.343391
0.706483
0.234275
0.688063
0.230378
0.864137
0.098875
0.311507
0.714475
0.376793
0.853503
0.357669
0.863170
0.170609
0.981430
0.169282
0.224987
0.816855
0.736644
0.216321
0.127026
0.035522
0.288411
0.316908
0.330458
0.514276
0.501909
0.801933
0.184455
0.543543
0.189934
0.417388
0.256071
0.022913
0.075870
0.513697
0.845552
0.827504
0.249439
0.776348
0.043954
0.444537
0.091138
0.225051
0.158558
0.813881
0.833872
0.592676
0.375353
0.610339
0.352093
0.475157
0.707880
0.487439
0.180693
0.038085
0.538335
0.824921
0.141290
0.559900
0.806136
0.179917
0.871832
0.090649
0.533108
0.186098
0.158320
0.965815
0.225452
0.415693
0.633996
0.627921
0.686809
0.994507
0.445823
0.715829
0.316553
0.141736
0.122517
0.874268
0.025917
0.333759
0.677174
0.214546
0.972142
0.450543
0.407793
0.579337
0.017840
0.002430
0.658427
0.223724
0.589231
0.098401
0.517288
0.294272
0.288411
0.704330
0.493902
0.298672
0.433323
0.458582
0.785492
0.336825
0.168964
0.303754
0.349167
0.442006
0.913788
0.770641
0.936999
0.088210
0.531823
0.631779
0.170998
0.231909
0.837864
0.776777
0.884290
0.226130
0.299091
0.068290
0.097388
0.186206
0.134338
0.901333
0.636366
0.577114
0.113499
0.535830
0.327487
0.443220
0.688025
0.796971
0.107040
0.862352
0.908346
0.096415
0.129954
0.809662
0.945069
0.417519
0.045255
0.013487
0.443591
0.918087
0.970857
0.447484
0.967200
0.498614
0.519433
0.652731
0.473619
0.701417
0.308336
0.086661
0.628341
0.721010
0.618951
0.079152
0.934435
0.690534
0.751444
0.854186
0.032493
0.215973
0.454810
0.484470
0.084026
0.309892
0.596884
0.704330
0.893727
0.399091
0.833056
0.924134
0.198028
0.971704
0.648372
0.702628
0.254999
0.460164
0.884600
0.742570
0.522128
0.897736
0.781306
0.644662
0.904276
0.732592
0.184545
0.767612
0.209732
0.584582
0.456145
0.210331
0.442275
0.070509
0.490204
0.120385
0.530979
0.945050
0.449114
0.907839
0.603719
0.913172
0.208458
0.725428
0.307293
0.815032
0.008606
0.047844
0.570121
0.238842
0.048793
0.683574
0.914867
0.408276
0.324674
0.556318
0.434558
0.468742
0.038449
0.788810
0.136445
0.192024
0.870681
0.306599
0.874268
0.106499
0.654719
0.234820
0.112021
0.047539
0.362943
0.220568
0.824655
0.866453
0.927984
0.159256
0.519142
0.555312
0.016312
0.832206
0.596884
0.455768
0.726475
0.827900
0.245189
0.483023
0.139019
0.607104
0.303860
0.836829
0.152398
0.422892
0.711877
0.467804
0.688976
0.985728
0.492301
0.664389
0.028374
0.074231
0.417127
0.188099
0.922766
0.010583
0.067650
0.823257
0.322485
0.149917
0.407085
0.133981
0.971504
0.063765
0.516707
0.096549
0.112657
0.980487
0.379252
0.398837
0.391413
0.742939
0.421152
0.933252
0.062038
0.808261
0.273595
0.518814
0.300508
0.000419
0.220672
0.795821
0.277295
0.839059
0.214485
0.426320
0.607636
0.353180
0.289254
0.912480
0.293160
0.291228
0.197818
0.574066
0.890447
0.166769
0.512574
0.251389
0.719547
0.558108
0.286172
0.195130
0.959988
0.398487
0.359154
0.627501
0.319235
0.455768
0.827735
0.129687
0.335176
0.364682
0.339682
0.502591
0.028903
0.355331
0.140630
0.131758
0.924825
0.745928
0.589269
0.787929
0.778385
0.187624
0.281407
0.945652
0.985989
0.659077
0.582920
0.739239
0.218828
0.832042
0.561282
0.692395
0.120085
0.185898
0.561543
0.078764
0.859182
0.242738
0.638086
0.406859
0.383610
0.971931
0.185573
0.602009
0.096828
0.023115
0.540955
0.199941
0.594799
0.878792
0.417486
0.034799
0.007526
0.405157
0.776885
0.501515
0.517142
0.668819
0.255488
0.326985
0.178162
0.314349
0.879511
0.536714
0.270006
0.572037
0.991699
0.812591
0.589799
0.364442
0.352651
0.579752
0.926878
0.704103
0.769344
0.731586
0.307212
0.013338
0.319235
0.889371
0.460026
0.123679
0.569033
0.213512
0.380423
0.977096
0.990247
0.037062
0.748579
0.074157
0.077051
0.676755
0.922440
0.788599
0.977096
0.113678
0.457895
0.726288
0.699183
0.728865
0.210932
0.524901
0.360672
0.181189
0.205810
0.541473
0.772835
0.514023
0.504818
0.325870
0.353474
0.965381
0.522383
0.410244
0.102711
0.172693
0.787471
0.292025
0.527900
0.401096
0.185031
0.382680
0.335886
0.992868
0.290766
0.265083
0.319317
0.405799
0.711764
0.053910
0.613119
0.509394
0.634225
0.320004
0.666184
0.773948
0.220111
0.206400
0.435360
0.594116
0.017683
0.297704
0.181970
0.858292
0.792324
0.120748
0.199500
0.765876
0.185086
0.361687
0.109195
0.481931
0.586811
0.889371
0.594571
0.253838
0.622232
0.742496
0.144527
0.755217
0.963504
0.837897
0.902875
0.880227
0.720935
0.065317
0.222822
0.204261
0.086174
0.991631
0.169785
0.554306
0.712894
0.107425
0.795298
0.991754
0.366909
0.641374
0.349517
0.877581
0.448129
0.398456
0.657166
0.161755
0.419840
0.578395
0.831748
0.758867
0.602465
0.702931
0.871508
0.430528
0.205162
0.406827
0.640953
0.493119
0.849437
0.832500
0.866393
0.854279
0.936178
0.204594
0.760215
0.650781
0.110699
0.170829
0.644930
0.700547
0.567795
0.112103
0.203150
0.898189
0.190099
0.063609
0.948082
0.315082
0.475752
0.379775
0.482001
0.946596
0.229412
0.154279
0.573277
0.888374
0.671491
0.768479
0.586811
0.458994
0.963952
0.872362
0.788317
0.616854
0.369236
0.383144
0.975256
0.322817
0.981409
0.269666
0.683879
0.881313
0.118260
0.189970
0.670079
0.086007
0.172523
0.800063
0.442208
0.037357
0.665191
0.720372
0.375965
0.630366
0.162725
0.078790
0.076404
0.598668
0.318330
0.460439
0.568433
0.504531
0.121782
0.556840
0.552929
0.877552
0.429465
0.010602
0.107085
0.093869
0.260418
0.010785
0.976528
0.539220
0.333928
0.299851
0.310726
0.228385
0.117155
0.861471
0.746702
0.711199
0.280756
0.366879
0.369387
0.337310
0.041359
0.497506
0.238665
0.829548
0.585526
0.279507
0.374405
0.392073
0.658504
0.355479
0.899225
0.416019
0.150993
0.879683
0.057762
0.252311
0.391005
0.439045
0.575157
0.923556
0.603111
0.771037
0.425825
0.731624
0.162595
0.797180
0.930897
0.951239
0.473549
0.866873
0.079230
0.932732
0.491128
0.651393
0.242290
0.139445
0.526254
0.202703
0.615100
0.497684
0.273227
0.987273
0.349225
0.881626
0.606267
0.701871
0.303278
0.861105
0.882366
0.445451
0.394278
0.936747
0.828296
0.099551
0.904354
0.677556
0.233014
0.288488
0.080616
0.600224
0.650322
0.871124
0.114887
0.462025
0.138086
0.007325
0.086165
0.606000
0.881427
0.548508
0.911660
0.651278
0.725765
0.273399
0.026001
0.217983
0.449216
0.166967
0.244085
0.752948
0.763050
0.493083
0.369296
0.938229
0.229584
0.491590
0.984097
0.678928
0.733857
0.778528
0.391005
0.944071
0.349984
0.036019
0.525742
0.929970
0.343507
0.127131
0.403940
0.204457
0.762287
0.218498
0.384292
0.937751
0.241240
0.900334
0.363662
0.760506
0.307587
0.709389
0.611176
0.531052
0.239329
0.233209
0.881541
0.512828
0.379529
0.503560
0.077500
0.418793
0.195261
0.472153
0.579337
0.553934
0.716468
0.840250
0.759414
0.921057
0.696758
0.390660
0.083363
0.844980
0.666375
0.289484
0.698123
0.860435
0.483552
0.304019
0.730655
0.504962
0.074419
0.905873
0.228898
0.102417
0.709502
0.066092
0.474248
0.964610
0.940571
0.718834
0.550401
0.908650
0.997876
0.695886
0.215687
0.375384
0.016088
0.226894
0.402756
0.755765
0.910111
0.648601
0.240394
0.389312
0.595405
0.944071
0.311507
0.769633
0.162401
0.370266
0.914891
0.791938
0.600338
0.164352
0.165040
0.427378
0.154511
0.593737
0.642177
0.847389
0.129446
0.398202
0.184114
0.955718
0.525047
0.455563
0.584166
0.584242
0.790991
0.980699
0.421874
0.471595
0.714211
0.815708
0.921856
0.299877
0.147097
0.752984
0.457551
0.881854
0.980273
0.199730
0.373032
0.856415
0.617883
0.678280
0.228748
0.785810
0.959134
0.514131
0.621469
0.534101
0.098496
0.486944
0.017917
0.131947
0.476347
0.864077
0.960217
0.225854
0.908371
0.776885
0.771433
0.227383
0.121769
0.041970
0.046427
0.912851
0.933770
0.459820
0.510297
0.914132
0.164368
0.108255
0.059254
0.515690
0.578960
0.919043
0.595405
0.471491
0.702098
0.442849
0.961411
0.270711
0.763013
0.976205
0.460543
0.684830
0.203305
0.860801
0.716768
0.655293
0.799266
0.601249
0.653190
0.216689
0.092083
0.490204
0.691483
0.054160
0.787647
0.014527
0.261341
0.328634
0.326845
0.224755
0.699524
0.834849
0.903447
0.599692
0.149690
0.455015
0.095799
0.351419
0.669964
0.989168
0.644433
0.426453
0.761561
0.754741
0.564686
0.062177
0.950524
0.068321
0.925398
0.740758
0.769525
0.063058
0.676564
0.011012
0.224819
0.378882
0.600680
0.128516
0.872156
0.052643
0.264748
0.936452
0.518560
0.441130
0.861684
0.670460
0.423616
0.000782
0.392199
0.015392
0.637436
0.568996
0.307159
0.783721
0.993349
0.048809
0.514639
0.471491
0.285538
0.908827
0.655904
0.665802
0.758211
0.562067
0.595822
0.649289
0.480840
0.977574
0.296791
0.436899
0.519142
0.548100
0.932515
0.728230
0.563039
0.126908
0.641947
0.985482
0.983758
0.966835
0.570121
0.128609
0.190413
0.229991
0.872656
0.618532
0.934028
0.801760
0.741756
0.249553
0.966791
0.680071
0.815167
0.124296
0.138595
0.162855
0.994341
0.053849
0.037549
0.479258
0.675992
0.964670
0.935946
0.059521
0.666031
0.578395
0.448095
0.403268
0.917366
0.989013
0.150781
0.414229
0.093558
0.258602
0.581222
0.229026
0.398170
0.838381
0.081872
0.051949
0.176647
0.377376
0.570985
0.368268
0.967316
0.587378
0.591502
0.920633
0.183952
0.577868
0.514639
