0.143111
0.764899
0.090522
0.272615
0.238820
0.972380
0.345097
0.462957
0.299143
0.781093
0.008783
0.998488
0.175591
0.564948
0.076321
0.852942
0.038934
0.481825
0.736755
0.253815
0.286934
0.170879
0.593889
0.171048
0.924088
0.849500
0.586849
0.052037
0.811605
0.967403
0.787929
0.222298
0.346198
0.864137
0.398392
0.562964
0.778099
0.481262
0.222382
0.347506
0.565247
0.784926
0.729051
0.741313
0.936768
0.768154
0.904561
0.579450
0.347331
0.038840
0.506510
0.171861
0.307854
0.814795
0.792219
0.973239
0.384603
0.696303
0.790604
0.595519
0.656363
0.965621
0.910687
0.056317
0.350979
0.799751
0.047528
0.773912
0.820887
0.638353
0.485423
0.689622
0.210612
0.115998
0.156476
0.331246
0.083082
0.107153
0.217654
0.247750
0.283215
0.786411
0.759159
0.276230
0.717745
0.751077
0.620324
0.615062
0.259450
0.172557
0.973689
0.996410
0.616091
0.128994
0.484046
0.559115
0.510586
0.488750
0.072026
0.110617
0.548285
0.089167
0.002489
0.118915
0.163423
0.495114
0.019698
0.554902
0.515473
0.197134
0.931139
0.580543
0.264891
0.456659
0.939877
0.124451
0.073169
0.699183
0.830107
0.514675
0.270322
0.667826
0.293238
0.261317
0.704556
0.443422
0.953544
0.051978
0.515727
0.339023
0.888956
0.077814
0.387031
0.655981
0.597226
0.794459
0.287061
0.582807
0.399950
0.830370
0.178179
0.434825
0.793690
0.011940
0.619218
0.608549
0.340829
0.115998
0.589912
0.432457
0.931446
0.345908
0.600452
0.824256
0.435995
0.972445
0.587529
0.666413
0.042683
0.482812
0.671644
0.263314
0.257616
0.959595
0.964412
0.405382
0.153290
0.994793
0.734712
0.876423
0.493831
0.667750
0.657472
0.560647
0.938685
0.261459
0.853813
0.660491
0.675039
0.944894
0.487262
0.124386
0.796658
0.327013
0.779562
0.862867
0.172676
0.793620
0.523915
0.803865
0.450509
0.717482
0.263529
0.137861
0.926356
0.857124
0.080353
0.153598
0.080458
0.332007
0.609539
0.291074
0.685782
0.918733
0.481649
0.440019
0.915428
0.297704
0.922813
0.044929
0.364652
0.033871
0.227191
0.037957
0.915744
0.518996
0.532006
0.988280
0.798675
0.320940
0.230120
0.391947
0.589912
0.366427
0.352387
0.237429
0.164565
0.809731
0.428073
0.815607
0.924549
0.985911
0.275712
0.877812
0.814152
0.340858
0.231391
0.814693
0.158684
0.468811
0.274676
0.400618
0.278163
0.743235
0.249736
0.850473
0.896238
0.590594
0.682775
0.161336
0.730729
0.121038
0.139787
0.699979
0.451940
0.484187
0.405542
0.752031
0.565697
0.523696
0.044411
0.237804
0.107176
0.706445
0.379837
0.177238
0.825717
0.749902
0.758831
0.805345
0.603453
0.204691
0.372241
0.395414
0.474178
0.679499
0.062017
0.142024
0.182148
0.097367
0.086999
0.193235
0.349312
0.553525
0.290868
0.272175
0.075704
0.273988
0.227809
0.605924
0.374894
0.628036
0.056770
0.269132
0.718121
0.391947
0.624026
0.892693
0.736644
0.543469
0.260536
0.483235
0.611405
0.358025
0.898933
0.254511
0.845107
0.286096
0.379467
0.132777
0.977025
0.644777
0.655790
0.384696
0.545023
0.803693
0.472223
0.156147
0.856106
0.126829
0.539368
0.099043
0.397948
0.944306
0.450270
0.309704
0.338594
0.508528
0.787047
0.555833
0.001264
0.062386
0.231024
0.915111
0.264676
0.505358
0.346169
0.229777
0.362674
0.664885
0.631970
0.549250
0.511453
0.145748
0.802036
0.775883
0.407213
0.198123
0.217633
0.523879
0.507807
0.966008
0.560236
0.557697
0.097617
0.293884
0.237562
0.007473
0.886228
0.479750
0.495292
0.104468
0.587756
0.379683
0.303410
0.131447
0.274824
0.770677
0.156054
0.499258
0.624026
0.537930
0.083535
0.538483
0.830337
0.470899
0.809628
0.865282
0.267174
0.563189
0.519760
0.631550
0.587832
0.464616
0.994029
0.725952
0.523003
0.287570
0.207744
0.789550
0.733448
0.743309
0.704027
0.338537
0.083835
0.954005
0.737200
0.931007
0.095717
0.005073
0.886564
0.619828
0.337966
0.764935
0.534101
0.918637
0.435460
0.159910
0.268648
0.581977
0.535057
0.093027
0.538704
0.460302
0.584279
0.409307
0.576060
0.703611
0.862321
0.015424
0.647798
0.284451
0.428007
0.773230
0.202955
0.565060
0.982394
0.921738
0.721497
0.451020
0.440995
0.529769
0.730245
0.464858
0.488644
0.297835
0.836051
0.596391
0.518669
0.925398
0.353151
0.582958
0.785987
0.499258
0.189455
0.964959
0.770425
0.326009
0.544394
0.646383
0.803727
0.613843
0.022762
0.302220
0.377744
0.387218
0.175764
0.881911
0.162741
0.632544
0.727372
0.740536
0.388874
0.156194
0.520270
0.541103
0.237650
0.896345
0.726811
0.507807
0.066896
0.780844
0.923880
0.575646
0.093457
0.261412
0.455323
0.001467
0.064350
0.592411
0.641030
0.775597
0.524317
0.380269
0.287010
0.048582
0.236901
0.346314
0.980888
0.687417
0.076605
0.805345
0.236001
0.673818
0.097419
0.023026
0.072544
0.739721
0.854776
0.715077
0.290458
0.209154
0.400013
0.980433
0.642024
0.188263
0.717294
0.344171
0.852662
0.821823
0.787012
0.017244
0.548730
0.498721
0.734749
0.100296
0.466729
0.070509
0.189455
0.344981
0.757263
0.595519
0.915939
0.881825
0.524938
0.071095
0.827108
0.120723
0.465066
0.137173
0.394025
0.888208
0.047311
0.798224
0.092718
0.600756
0.513226
0.590707
0.407793
0.288488
0.675954
0.066143
0.868664
0.775668
0.835856
0.048604
0.597150
0.766528
0.113345
0.987556
0.086933
0.444030
0.957850
0.606419
0.800514
0.815573
0.636251
0.459957
0.550253
0.593358
0.594078
0.299694
0.634531
0.495934
0.962363
0.500798
0.228812
0.344547
0.273105
0.736235
0.654719
0.542507
0.841854
0.662669
0.511851
0.472118
0.635334
0.820317
0.587794
0.121214
0.757518
0.725877
0.777600
0.235914
0.099286
0.653113
0.424835
0.083263
0.042693
0.560273
0.175022
0.070509
0.343882
0.535756
0.143956
0.595633
0.185248
0.370751
0.664580
0.652501
0.261388
0.058956
0.695203
0.282586
0.753094
0.997232
0.314539
0.944267
0.693382
0.742237
0.008174
0.903577
0.913911
0.269690
0.516198
0.100029
0.651584
0.113404
0.850943
0.081934
0.908801
0.513624
0.624866
0.648716
0.973867
0.166785
0.450475
0.439851
0.510947
0.011608
0.727558
0.833350
0.082839
0.003478
0.808021
0.052846
0.223136
0.119847
0.794319
0.060158
0.141635
0.673742
0.440860
0.605886
0.481543
0.667177
0.656057
0.257991
0.350101
0.277344
0.683346
0.263410
0.268914
0.539516
0.000570
0.216034
0.233774
0.785350
0.582241
0.393647
0.624752
0.576474
0.959117
0.102059
0.306625
0.370357
0.343882
0.354653
0.034451
0.438139
0.010257
0.610757
0.785421
0.759814
0.613614
0.714738
0.852350
0.802174
0.462094
0.223493
0.183218
0.509466
0.010018
0.195017
0.885864
0.205947
0.709314
0.178704
0.737274
0.993242
0.653648
0.821489
0.121959
0.108529
0.045183
0.342382
0.789127
0.221005
0.471491
0.403460
0.416019
0.994206
0.044111
0.122810
0.958437
0.609120
0.300508
0.677289
0.186660
0.813168
0.655560
0.465204
0.285387
0.343824
0.560497
0.116095
0.062931
0.211997
0.674810
0.630136
0.090347
0.555759
0.010958
0.582694
0.598668
0.768045
0.207684
0.092142
0.218539
0.710445
0.576324
0.722846
0.376854
0.582920
0.007043
0.277940
0.231089
0.356425
0.304099
0.370357
0.768081
0.509574
0.912653
0.259520
0.332261
0.181401
0.734824
0.245347
0.448231
0.633919
0.945613
0.368872
0.622156
0.496327
0.460991
0.065383
0.446467
0.578885
0.929481
0.212320
0.435092
0.985152
0.438273
0.589118
0.428670
0.010504
0.676412
0.100157
0.556057
0.975915
0.148411
0.065049
0.210351
0.912678
0.060131
0.968352
0.451258
0.049392
0.807610
0.441803
0.713383
0.906027
0.667253
0.672216
0.893591
0.184689
0.769272
0.404837
0.268043
0.613271
0.713421
0.997753
0.428603
0.291151
0.662822
0.643630
0.346488
0.708144
0.154946
0.735418
0.368600
0.113607
0.021665
0.798154
0.871774
0.271466
0.796762
0.856353
0.408340
0.072864
0.324480
0.112362
0.516235
0.579789
0.763050
0.930213
0.439011
0.764645
0.514276
0.016802
0.390597
0.930080
0.051060
0.471003
0.605734
0.428703
0.618951
0.408469
0.925695
0.093889
0.446941
0.346866
0.030341
0.263577
0.390597
0.125395
0.318686
0.767720
0.682775
0.992034
0.450679
0.299143
0.092838
0.834654
0.643783
0.750049
0.044754
0.982194
0.166257
0.508383
0.376088
0.937980
0.130356
0.604137
0.532337
0.067951
0.067853
0.024343
0.105423
0.700887
0.559825
0.773589
0.954128
0.312398
0.837250
0.401543
0.112433
0.393395
0.269084
0.249164
0.595367
0.448944
0.172013
0.337452
0.666184
0.391947
0.386501
0.099795
0.056146
0.885976
0.333617
0.263410
0.122607
0.187916
0.695772
0.827702
0.310241
0.579789
0.216669
0.167814
0.908776
0.760106
0.155242
0.771001
0.261982
0.975281
0.877870
0.021631
0.752874
0.664083
0.040974
0.515582
0.495934
0.777850
0.488183
0.525376
0.146029
0.380269
0.585677
0.192657
0.458273
0.044682
0.134849
0.518232
0.367392
0.470759
0.381751
0.381658
0.809867
0.983777
0.894594
0.232234
0.655063
0.431359
0.678013
0.660033
0.625362
0.826678
0.479644
0.124489
0.922113
0.708069
0.061444
0.750563
0.494864
0.534395
0.164026
0.138764
0.709578
0.727596
0.011062
0.084154
0.728230
0.612205
0.552483
0.257850
0.716017
0.332007
0.996385
0.854124
0.390158
0.339653
0.993073
0.720147
0.500153
0.012891
0.159225
0.808364
0.064136
0.265347
0.080353
0.076664
0.216669
0.062135
0.410567
0.717971
0.960509
0.916787
0.995259
0.792499
0.305666
0.941360
0.679728
0.821789
0.069703
0.876945
0.476172
0.310699
0.542359
0.555647
0.220008
0.719772
0.205967
0.085219
0.126332
0.496149
0.489353
0.836375
0.861379
0.288437
0.014378
0.560385
0.315654
0.430328
0.992516
0.038142
0.997238
0.467492
0.851444
0.479609
0.503596
0.325230
0.332515
0.499294
0.775310
0.069227
0.665229
0.593510
0.748837
0.050208
0.024372
0.684640
0.959084
0.315899
0.852194
0.065747
0.036357
0.341864
0.111282
0.535499
0.303728
0.187296
0.473235
0.298384
0.360076
0.328970
0.947285
0.314159
0.747954
0.076647
0.942903
0.127960
0.032881
0.768442
0.006774
0.076664
0.236177
0.049561
0.581901
0.550178
0.260630
0.826081
0.069495
0.844408
0.027404
0.712028
0.632582
0.960070
0.113583
0.942425
0.290689
0.063100
0.389406
0.249759
0.536051
0.330683
0.664312
0.434758
0.741202
0.081685
0.205377
0.368661
0.025945
0.188391
0.487935
0.783012
0.666222
0.837282
0.416932
0.138623
0.241330
0.405799
0.030149
0.928298
0.794634
0.375567
0.323564
0.285336
0.945536
0.177325
0.872568
0.459923
0.691825
0.761924
0.077398
0.394057
0.585904
0.838865
0.603453
0.636595
0.891792
0.544135
0.719810
0.166851
0.166092
0.062170
0.623454
0.459545
0.880399
0.970625
0.189106
0.326594
0.672369
0.004473
0.491554
0.669506
0.986612
0.147663
0.009448
0.005615
0.236177
0.000548
0.535720
0.891436
0.598288
0.709578
0.652004
0.128994
0.095788
0.508636
0.379005
0.246478
0.129914
0.666986
0.415010
0.237363
0.114012
0.723071
0.582203
0.813711
0.846630
0.299038
0.159034
0.596505
0.473409
0.345386
0.900334
0.995818
0.016831
0.477153
0.580921
0.784147
0.083426
0.178232
0.614033
0.513588
0.708786
0.716017
0.925924
0.761124
0.414587
0.765189
0.095799
0.728566
0.848147
0.199519
0.728081
0.274627
0.583109
0.997849
0.810106
0.212259
0.808158
0.294143
0.296687
0.853565
0.764609
0.487581
0.732406
0.724343
0.677975
0.098171
0.733745
0.123551
0.490027
0.511164
0.875697
0.035448
0.273031
0.081056
0.085802
0.024299
0.769056
0.005615
0.182700
0.082399
0.500010
0.024410
0.916375
0.503991
0.489779
0.783118
0.073889
0.686124
0.220319
0.475787
0.016985
0.735678
0.259520
0.564985
0.648525
0.726662
0.520415
0.200845
0.548619
0.296635
0.785421
0.254372
0.866933
0.619447
0.195224
0.486519
0.794529
0.345184
0.656478
0.903395
0.765913
0.345879
0.429797
0.093397
0.165631
0.908953
0.418761
0.376701
0.576587
0.940367
0.109783
0.558108
0.480910
0.063602
0.668628
0.357076
0.340542
0.460543
0.685363
0.215565
0.738609
0.872274
0.747070
0.460439
0.995280
0.958553
0.970748
0.054900
0.983414
0.873800
0.965245
0.971798
0.004671
0.566296
0.771253
0.912950
0.513733
0.925992
0.192006
0.360851
0.006571
0.746076
0.182700
0.039066
0.165713
0.770821
0.068169
0.497541
0.160550
0.957140
0.469646
0.508708
0.825352
0.233296
0.489459
0.477503
0.167664
0.486731
0.269374
0.426816
0.309435
0.929437
0.013318
0.749241
0.439717
0.071110
0.891573
0.266428
0.831715
0.503740
0.499186
0.841277
0.050054
0.803969
0.256048
0.479539
0.099731
0.799925
0.459854
0.431891
0.753204
0.915111
0.874180
0.338509
0.771505
0.778528
0.395825
0.043939
0.499652
0.902953
0.559377
0.949488
0.361747
0.091629
0.527424
0.902927
0.616701
0.389751
0.739795
0.666833
0.053794
0.398360
0.427676
0.836019
0.057490
0.215789
0.520779
0.726886
0.953473
0.337253
0.083245
0.672674
0.349225
0.022872
0.745855
0.746076
0.755217
0.876800
0.497756
0.476277
0.917799
0.715490
0.599237
0.534174
0.905745
0.768009
0.861136
0.459751
0.619638
0.166554
0.034536
0.684221
0.441871
0.176075
0.219386
0.255465
0.605962
0.854869
0.357432
0.688406
0.073266
0.215626
0.011561
0.475437
0.288105
0.642253
0.068959
0.457826
0.950818
0.662822
0.361418
0.316744
0.285919
0.453750
0.772404
0.961905
0.684412
0.139161
0.075141
0.881740
0.239595
0.461921
0.769200
0.270030
0.966305
0.470272
0.247728
0.604632
0.198849
0.769020
0.805586
0.337566
0.214689
0.739165
0.743124
0.369478
0.907050
0.992551
0.237936
0.965245
0.391696
0.656784
0.251159
0.523441
0.364862
0.956097
0.743641
0.164401
0.905411
0.453715
0.755217
0.367482
0.088687
0.225643
0.536051
0.347477
0.807508
0.381195
0.711990
0.801206
0.247227
0.442714
0.317045
0.019897
0.634722
0.140572
0.699789
0.538815
0.560983
0.482812
0.446365
0.356839
0.242044
0.778992
0.413417
0.044919
0.883980
0.079359
0.479785
0.690002
0.348525
0.493048
0.432823
0.297052
0.686923
0.492443
0.376057
0.460508
0.121378
0.687455
0.202412
0.439751
0.024203
0.161015
0.063588
0.764609
0.302511
0.451292
0.470933
0.783083
0.580543
0.860130
0.817529
0.789550
0.538925
0.491696
0.540328
0.912900
0.901622
0.232147
0.504027
0.437066
0.948684
0.209194
0.810447
0.675497
0.692357
0.433057
0.390597
0.928969
0.140086
0.859916
0.858446
0.453715
