0.000000
0.000000
0.000000
0.000000
0.000000
0.000000
0.000000
0.000000
0.000000
0.000000
0.000000
0.000000
0.000000
0.000000
0.000000
0.000000
0.000000
0.000000
0.000000
0.000000
0.000000
0.000000
0.000000
0.000000
0.000000
0.000000
0.000000
0.000000
0.000000
0.000000
0.000000
0.000000
0.029809
0.277815
0.004706
0.133473
0.047818
0.096825
0.141001
0.459500
0.000000
0.000000
0.000000
0.000000
0.000000
0.000000
0.000000
0.000000
0.000000
0.000000
0.000000
0.000000
0.000000
0.000000
0.000000
0.000000
0.720799
0.686720
0.989353
0.962566
0.197083
0.209196
0.245211
0.601531
0.952765
0.728503
0.273369
0.530463
0.917588
0.862438
0.840537
0.384078
0.000000
0.000000
0.000000
0.000000
0.000000
0.000000
0.000000
0.000000
0.239942
0.479146
0.930130
0.247332
0.183434
0.394470
0.411940
0.512862
0.191975
0.056849
0.362878
0.749877
0.703524
0.685442
0.458079
0.825756
0.258680
0.484305
0.589414
0.562683
0.021977
0.096284
0.087146
0.034223
0.000000
0.000000
0.000000
0.000000
0.000000
0.000000
0.000000
0.000000
0.000000
0.000000
0.000000
0.000000
0.000000
0.000000
0.000000
0.000000
0.000000
0.000000
0.000000
0.000000
0.000000
0.000000
0.000000
0.000000
0.000000
0.000000
0.000000
0.000000
0.000000
0.000000
0.000000
0.000000
0.117868
0.056825
0.452342
0.113930
0.560878
0.559966
0.182146
0.422752
0.374267
0.769222
0.326767
0.839052
0.581052
0.384789
0.414713
0.894053
0.000000
0.000000
0.000000
0.000000
0.000000
0.000000
0.000000
0.000000
0.000000
0.000000
0.000000
0.000000
0.000000
0.000000
0.000000
0.000000
0.000000
0.000000
0.000000
0.000000
0.000000
0.000000
0.000000
0.000000
0.765665
0.607813
0.596989
0.770904
0.943408
0.328267
0.285588
0.224916
0.000000
0.000000
0.000000
0.000000
0.000000
0.000000
0.000000
0.000000
0.000000
0.000000
0.000000
0.000000
0.000000
0.000000
0.000000
0.000000
