0.000000
0.000000
0.000000
0.000000
0.000000
0.002756
0.000000
0.000000
0.000000
0.000594
0.000000
0.043038
0.000002
0.003657
0.000934
0.000000
0.000000
0.000000
0.342065
0.000000
0.000000
0.000000
0.943696
0.003420
0.000000
0.359897
0.000000
0.000639
0.000065
0.000000
0.063002
0.000000
0.000135
0.000000
0.000000
0.733373
0.000000
0.000000
0.000000
0.000000
0.000000
0.000000
0.000000
0.033733
0.000000
0.000000
0.000045
0.000000
0.000000
0.000000
0.000596
0.000000
0.000000
0.406602
0.000000
0.000001
0.000000
0.000000
0.000000
0.000001
0.000000
0.000000
0.000000
0.000000
0.000000
0.000000
0.000000
0.000000
0.000033
0.000000
0.000000
0.000000
0.000000
0.000000
0.000000
0.000000
0.000000
0.000000
0.000129
0.000000
0.000000
0.000000
0.000000
0.000000
0.000000
0.000000
0.000000
0.000000
0.000006
0.000000
0.000000
0.000000
0.000114
0.000000
0.035028
0.000000
0.000000
0.000145
0.000010
0.000000
0.000000
0.001165
0.000000
0.000000
0.006053
0.000000
0.002333
0.000000
0.000000
0.000000
0.000000
0.000000
0.020409
0.000000
0.000000
0.589383
0.000000
0.000000
0.000000
0.000279
0.017984
0.001196
0.063559
0.000000
0.121858
0.349955
0.000000
0.000000
0.000000
0.054406
0.000000
0.000000
0.000000
0.014307
0.791798
0.000000
0.779027
0.000000
0.000009
0.000000
0.000000
0.000000
0.000000
0.000000
0.000000
0.000000
0.000000
0.000000
0.000000
0.000000
0.000000
0.000000
0.000000
0.000039
0.000006
0.000000
0.000000
0.000029
0.000000
0.003516
0.000001
0.000657
0.000003
0.000000
0.003401
0.000000
0.003505
0.000000
0.000000
0.000000
0.949822
0.000017
0.000000
0.780417
0.000000
0.000003
0.000042
0.000000
0.000001
0.000000
0.049957
0.000000
0.000000
0.150416
0.000000
0.000000
0.000000
0.000000
0.000000
0.000000
0.000000
0.000015
0.000000
0.000000
0.000047
0.000000
0.000000
0.000000
0.114108
0.000000
0.000013
0.000199
0.000000
0.000000
0.000000
0.000000
0.000000
0.000002
0.000000
0.000000
0.000000
0.000000
0.000000
0.000000
0.000000
0.000000
0.000108
0.000000
0.000000
0.000000
0.000000
0.000000
0.000000
0.000000
0.000000
0.000000
0.000000
0.000000
0.000000
0.000000
0.000000
0.000000
0.000000
0.000000
0.000000
0.000000
0.001551
0.000000
0.000000
0.000000
0.019871
0.000000
0.013646
0.000423
0.000000
0.000001
0.001592
0.000280
0.000000
0.003896
0.000000
0.000000
0.005795
0.000000
0.000006
0.000000
0.000000
0.000000
0.000000
0.000000
0.003054
0.000000
0.000000
0.019779
0.000000
0.000000
0.000000
0.016977
0.020913
0.003393
0.109413
0.000000
0.020473
0.045442
0.000000
0.000000
0.000000
0.502160
0.000000
0.000000
0.000000
0.002971
0.662593
0.000000
0.411796
0.000000
0.000013
0.000000
0.000000
0.000000
0.000000
0.000000
0.000000
0.000000
0.000000
0.000000
0.000000
0.000000
0.000000
0.000000
0.000000
0.000180
0.010966
0.000000
0.000000
0.020271
0.000000
0.706974
0.000000
0.090473
0.000666
0.000000
0.000000
0.000000
0.176803
0.000000
0.000000
0.000000
0.265299
0.087159
0.000000
0.120335
0.000285
0.026770
0.033863
0.000000
0.000000
0.000000
0.025677
0.000000
0.000000
0.968608
0.000000
0.000000
0.000000
0.000000
0.000000
0.000000
0.000000
0.140988
0.000000
0.000000
0.000820
0.000000
0.000000
0.000000
0.006454
0.000000
0.118026
0.245302
0.000000
0.000186
0.000000
0.000000
0.000000
0.000002
0.000000
0.000000
0.000000
0.000000
0.000000
0.000000
0.000000
0.000000
0.000067
0.000000
0.000000
0.000000
0.000000
0.000000
0.000000
0.000000
0.000000
0.000000
0.000006
0.000189
0.000000
0.000000
0.000000
0.000000
0.000000
0.000000
0.000000
0.000000
0.000089
0.000000
0.000000
0.000000
0.112693
0.000000
0.049504
0.027735
0.000000
0.008690
0.000000
0.006528
0.000000
0.013442
0.000000
0.000000
0.028350
0.000000
0.000001
0.000000
0.000000
0.000000
0.000000
0.000000
0.290355
0.000000
0.000000
0.151176
0.000000
0.000000
0.000000
0.000131
0.093839
0.000024
0.017522
0.000000
0.029313
0.224397
0.000000
0.000000
0.000000
0.147977
0.000000
0.000000
0.000000
0.002677
0.028852
0.000000
0.095053
0.000000
0.000170
0.000000
0.000000
0.000010
0.000000
0.000000
0.000000
0.000000
0.000000
0.000000
0.000000
0.000000
0.000981
0.000000
0.000033
0.000073
0.000000
0.000000
0.000000
0.000047
0.000000
0.043939
0.021581
0.000000
0.122022
0.000000
0.000421
0.000000
0.018864
0.000000
0.000000
0.000000
0.747144
0.078121
0.000000
0.015747
0.000000
0.020729
0.126973
0.000000
0.015095
0.000000
0.617845
0.000000
0.000000
0.463026
0.000000
0.000000
0.000000
0.000000
0.000000
0.000000
0.000000
0.000473
0.000000
0.000000
0.000984
0.000000
0.000000
0.000000
0.000001
0.000000
0.000000
0.095338
0.000000
0.017405
0.000000
0.000000
0.000000
0.000000
0.000000
0.000000
0.000000
0.000000
0.000000
0.000000
0.000000
0.000000
0.000109
0.000000
0.000000
0.000000
0.000000
0.000000
0.000000
0.000019
0.000007
0.000000
0.000619
0.000000
0.000066
0.000000
0.000000
0.000000
0.000000
0.000000
0.000000
0.000000
0.000035
0.000000
0.000000
0.000000
0.021568
0.000000
0.035852
0.000104
0.000000
0.000000
0.039963
0.002490
0.000000
0.000065
0.000000
0.000000
0.013261
0.000000
0.000011
0.000000
0.000000
0.000000
0.000000
0.000000
0.000152
0.000000
0.000000
0.042855
0.000000
0.000000
0.000000
0.461473
0.580581
0.001331
0.000051
0.000000
0.127855
0.000136
0.000000
0.000000
0.000000
0.235082
0.000000
0.000000
0.000000
0.001390
0.013075
0.000000
0.741387
0.000000
0.000000
0.000000
0.000000
0.000000
0.000000
0.000000
0.000000
0.000000
0.000000
0.000000
0.000000
0.000000
0.000000
0.000000
0.000000
0.000000
0.000000
0.000000
0.000000
0.000000
0.000000
0.000000
0.000000
0.000000
0.006664
0.000000
0.000062
0.000000
0.000000
0.000000
0.000000
0.000000
0.200075
0.001362
0.000000
0.039084
0.000000
0.257756
0.940632
0.000000
0.000001
0.000000
0.010375
0.000000
0.000000
0.000614
0.000000
0.000000
0.000000
0.000000
0.000000
0.000000
0.000000
0.219676
0.000000
0.000000
0.000000
0.000000
0.000000
0.000000
0.000000
0.000000
0.000000
0.266476
0.000000
0.000000
0.000000
0.000000
0.000000
0.000000
0.000000
0.000000
0.000000
0.000000
0.000000
0.000000
0.000000
0.000000
0.000035
0.000000
0.000000
0.000000
0.000000
0.000000
0.000000
0.000000
0.000000
0.000000
0.000000
0.000000
0.000000
0.000000
0.000000
0.000000
0.000000
0.000000
0.000000
0.000000
0.000000
0.000000
0.000000
0.000000
0.000055
0.000000
0.121479
0.000000
0.000000
0.000000
0.000012
0.000022
0.000000
0.000000
0.000000
0.000000
0.000951
0.000000
0.000000
0.000000
0.000000
0.000000
0.000000
0.000000
0.000000
0.000000
0.000000
0.025225
0.000000
0.000000
0.000000
0.014246
0.003021
0.000000
0.000000
0.000000
0.191060
0.000002
0.000000
0.000000
0.000000
0.003731
0.000000
0.000000
0.000000
0.033281
0.008886
0.000000
0.706068
0.000000
0.000000
0.000000
0.000000
0.000000
0.000000
0.000000
0.000000
0.000000
0.000000
0.000000
0.000000
0.000000
0.000000
0.000000
0.000000
0.000000
0.000000
0.000000
0.000000
0.000000
0.000000
0.000000
0.000000
0.000000
0.000000
0.000000
0.000000
0.000000
0.000000
0.000000
0.000000
0.000000
0.005264
0.000000
0.000000
0.000365
0.000000
0.158573
0.262338
0.000000
0.000000
0.000000
0.000007
0.000000
0.000000
0.000015
0.000000
0.000000
0.000000
0.000000
0.000000
0.000000
0.000000
0.345126
0.000000
0.000000
0.001510
0.000000
0.000000
0.000000
0.000002
0.000000
0.000000
0.000000
0.000000
0.074215
0.000000
0.000000
0.000000
0.000000
0.000000
0.000000
0.000000
0.000000
0.000000
0.000000
0.000000
0.000000
0.000000
0.000000
0.000000
0.000000
0.000000
0.000000
0.000000
0.000000
0.000000
0.000000
0.000000
0.000000
0.000000
0.000000
0.000000
0.000000
0.000000
0.000000
0.000000
0.000000
0.000000
0.000000
0.000000
0.000000
0.000000
0.000000
0.063957
0.000372
0.000000
0.000000
0.000000
0.000000
0.000000
0.000000
0.000000
0.000000
0.000000
0.000000
0.000000
0.000000
0.000000
0.000000
0.000000
0.000000
0.000000
0.000000
0.000000
0.005415
0.000000
0.000000
0.000000
0.000004
0.000000
0.000000
0.000000
0.000000
0.153892
0.000000
0.000000
0.000000
0.000000
0.000068
0.000000
0.000000
0.000000
0.036518
0.010162
0.000000
0.004400
0.000000
0.000011
0.000000
0.000000
0.000000
0.000000
0.000000
0.000000
0.000000
0.000000
0.000000
0.000000
0.000000
0.000000
0.000000
0.000000
0.000008
0.000000
0.000000
0.000208
0.000000
0.000000
0.002039
0.000005
0.000005
0.059022
0.000000
0.002020
0.000000
0.000020
0.000000
0.000000
0.000000
0.938084
0.013690
0.000000
0.118124
0.000000
0.009253
0.283870
0.000000
0.000000
0.000000
0.544690
0.000000
0.000000
0.460198
0.000000
0.000000
0.000000
0.000000
0.000000
0.000000
0.000000
0.005119
0.000000
0.000000
0.000000
0.000000
0.000000
0.000000
0.000000
0.000000
0.000000
0.000014
0.000000
0.000204
0.000000
0.000000
0.000000
0.000000
0.000000
0.000000
0.000000
0.000000
0.000000
0.000000
0.000000
0.000000
0.106690
0.000000
0.000000
0.000000
0.000000
0.000000
0.000000
0.000000
0.000000
0.000000
0.000000
0.000000
0.000000
0.000000
0.000000
0.000000
0.000000
0.000000
0.000000
0.000000
0.000000
0.000000
0.000000
0.000000
0.000200
0.000000
0.078335
0.002961
0.000000
0.000000
0.000000
0.000021
0.000000
0.000000
0.000000
0.000000
0.000011
0.000000
0.000000
0.000000
0.000000
0.000000
0.000000
0.000000
0.000001
0.000000
0.000000
0.349050
0.000000
0.000000
0.000000
0.000546
0.049679
0.082104
0.001329
0.000000
0.016685
0.000001
0.000000
0.000000
0.000000
0.235542
0.000000
0.000000
0.000000
0.025751
0.243770
0.000000
0.126960
0.000000
0.000000
0.000000
0.000000
0.000000
0.000000
0.000000
0.000000
0.000000
0.000000
0.000000
0.000000
0.000000
0.000000
0.000000
0.000000
0.000000
0.000000
0.000000
0.000000
0.000000
0.000000
0.000000
0.000000
0.000000
0.000000
0.000000
0.000000
0.000000
0.000000
0.000000
0.000000
0.000000
0.000000
0.000000
0.000000
0.000000
0.000000
0.000027
0.000002
0.000000
0.000000
0.000000
0.000000
0.000000
0.000000
0.000000
0.000000
0.000000
0.000000
0.000000
0.000000
0.000000
0.000000
0.102428
0.000000
0.000000
0.037597
0.000000
0.000000
0.000000
0.000067
0.000000
0.000000
0.000000
0.000000
0.000028
0.000000
0.000000
0.000000
0.000006
0.000000
0.000000
0.000000
0.000000
0.000000
0.000000
0.000000
0.000000
0.000000
0.000000
0.000000
0.000000
0.000000
0.000000
0.000000
0.000000
0.000000
0.000000
0.000000
0.000000
0.000000
0.000000
0.000000
0.000000
0.000000
0.000000
0.000000
0.000000
0.000000
0.000000
0.000000
0.000000
0.000000
0.000000
0.057296
0.000802
0.000000
0.000000
0.000000
0.000000
0.000000
0.000000
0.000000
0.000000
0.000000
0.000000
0.000000
0.000000
0.000000
0.000000
0.000000
0.000000
0.000000
0.000000
0.000000
0.000015
0.000000
0.000000
0.000000
0.000000
0.000000
0.000000
0.000000
0.000000
0.014298
0.000000
0.000000
0.000000
0.000000
0.000000
0.000000
0.000000
0.000000
0.003169
0.000000
0.000000
0.000003
0.000000
0.000005
0.000000
0.000000
0.000000
0.000000
0.000000
0.000000
0.000000
0.000000
0.000000
0.000000
0.000000
0.000000
0.000000
0.000000
0.000000
0.000000
0.000000
0.000000
0.000000
0.000000
0.000003
0.000000
0.000000
0.002215
0.000000
0.004941
0.000000
0.000030
0.000000
0.000000
0.000000
0.313372
0.007778
0.000000
0.326204
0.000000
0.003886
0.000116
0.000000
0.000001
0.000000
0.632047
0.000000
0.000000
0.880313
0.000000
0.000000
0.000000
0.000000
0.000000
0.000000
0.000000
0.155148
0.000000
0.000000
0.000009
0.000000
0.000000
0.000000
0.003576
0.000000
0.000000
0.000086
0.000000
0.000071
0.000000
0.000000
0.000000
0.000000
0.000000
0.000000
0.000000
0.000000
0.000000
0.000000
0.000000
0.000000
0.001632
0.000000
0.000000
0.000000
0.000000
0.000000
0.000000
0.000000
0.000000
0.000000
0.000000
0.000000
0.000000
0.000000
0.000000
0.000000
0.000000
0.000000
0.000000
0.000000
0.000000
0.000000
0.000000
0.000000
0.046453
0.000000
0.005122
0.000000
0.000000
0.000000
0.000000
0.000000
0.000000
0.000000
0.000000
0.000000
0.000005
0.000000
0.000000
0.000000
0.000000
0.000000
0.000000
0.000000
0.000000
0.000000
0.000000
0.091040
0.000000
0.000000
0.000000
0.025234
0.000295
0.001025
0.000013
0.000000
0.318659
0.000367
0.000000
0.000000
0.000000
0.205162
0.000000
0.000000
0.000000
0.001953
0.032084
0.000000
0.247705
0.000000
0.000003
0.000000
0.000000
0.000000
0.000000
0.000000
0.000000
0.000000
0.000000
0.000000
0.000000
0.000000
0.000000
0.000000
0.000000
0.001236
0.002427
0.000000
0.000000
0.060340
0.000000
0.023795
0.000000
0.738906
0.032566
0.000000
0.000001
0.000000
0.045017
0.000000
0.000000
0.000000
0.712103
0.070649
0.000000
0.586887
0.000029
0.071079
0.102711
0.000000
0.070594
0.000000
0.000039
0.000000
0.000000
0.220693
0.000000
0.000000
0.000000
0.000000
0.000000
0.000277
0.000000
0.027620
0.000000
0.000000
0.208696
0.000000
0.000000
0.000000
0.498363
0.000000
0.845235
0.476557
0.000000
0.000000
0.000000
0.000000
0.000000
0.001400
0.000000
0.000000
0.000000
0.000000
0.000000
0.000000
0.000000
0.000000
0.000629
0.000000
0.000000
0.000000
0.000000
0.000000
0.000000
0.000000
0.000000
0.000000
0.000000
0.003165
0.000000
0.000000
0.000000
0.000000
0.000000
0.000000
0.000000
0.000000
0.000000
0.000000
0.000000
0.000000
0.087621
0.000000
0.026821
0.048865
0.000000
0.008240
0.000325
0.005734
0.000000
0.067291
0.000000
0.000000
0.044086
0.000000
0.000000
0.000000
0.000000
0.000000
0.000000
0.000000
0.542323
0.000000
0.000000
0.914720
0.000000
0.000000
0.000000
0.438541
0.122162
0.055223
0.484964
0.000000
0.544912
0.022512
0.000000
0.000000
0.000000
0.425132
0.000000
0.000704
0.000000
0.002969
0.988556
0.000000
0.890805
0.000000
0.000550
0.000000
0.000000
0.000263
0.000001
0.000000
0.000000
0.000000
0.000000
0.000000
