0.067635
0.236374
0.970938
0.401383
0.013987
0.671224
0.001701
0.296245
0.410244
0.035527
0.909205
0.161530
0.422958
0.676145
0.436865
0.507771
0.350569
0.428073
0.341375
0.084850
0.230163
0.443591
0.036065
0.491945
0.395320
0.159734
0.988472
0.876452
0.805380
0.874910
0.190192
0.431292
0.613728
0.648831
0.572074
0.966922
0.489282
0.929192
0.512032
0.243119
0.143504
0.105067
0.619294
0.112669
0.123872
0.256258
0.762505
0.075356
0.818640
0.740758
0.433057
0.158764
0.377284
0.049369
0.721797
0.349575
0.552111
0.658198
0.827273
0.908169
0.215340
0.713797
0.954075
0.745633
0.651393
0.791658
0.894432
0.752105
0.716656
0.051637
0.066283
0.629640
0.831453
0.008288
0.067635
0.420922
0.388155
0.952651
0.920065
0.013759
0.799370
0.850066
0.965889
0.221880
0.666222
0.671109
0.711124
0.075920
0.827405
0.388593
0.894161
0.026844
0.033943
0.129994
0.331358
0.818303
0.856692
0.809287
0.728529
0.693306
0.271588
0.364052
0.917895
0.571698
0.957867
0.080950
0.952363
0.845901
0.622385
0.063772
0.238930
0.677899
0.884628
0.067966
0.864981
0.128675
0.161497
0.667597
0.138044
0.752141
0.007418
0.339052
0.902406
0.605772
0.906283
0.224945
0.414652
0.123910
0.451633
0.683384
0.551962
0.962944
0.954796
0.446975
0.841277
0.261365
0.742200
0.078566
0.606039
0.728156
0.492087
0.870829
0.054999
0.260772
0.848304
0.243702
0.407535
0.008288
0.152828
0.395446
0.395225
0.753534
0.462335
0.404260
0.277865
0.216034
0.726587
0.168797
0.326510
0.754961
0.128635
0.655140
0.807336
0.378298
0.214059
0.065092
0.422860
0.393710
0.212642
0.229412
0.366156
0.086651
0.184581
0.209453
0.058744
0.567008
0.383206
0.862018
0.040747
0.571811
0.568921
0.020604
0.488537
0.215912
0.673284
0.177116
0.760033
0.998046
0.973355
0.165565
0.139246
0.561917
0.121643
0.687569
0.622041
0.738202
0.367241
0.603605
0.883301
0.015984
0.682737
0.190727
0.372850
0.929170
0.268938
0.357106
0.250929
0.406345
0.016759
0.753900
0.015825
0.321905
0.244873
0.993057
0.688596
0.003240
0.211756
0.096487
0.221234
0.579149
0.547506
0.739943
0.152828
0.842430
0.673361
0.164238
0.139701
0.317591
0.059394
0.319977
0.613805
0.165253
0.163390
0.755254
0.938768
0.948553
0.693875
0.877552
0.286604
0.095012
0.857555
0.588702
0.496006
0.568958
0.178267
0.855921
0.527900
0.625133
0.860709
0.686466
0.070922
0.294324
0.065689
0.132273
0.727820
0.119573
0.676107
0.914842
0.022027
0.375108
0.849909
0.024067
0.404933
0.356129
0.265443
0.514095
0.359957
0.229412
0.560983
0.849720
0.019636
0.636098
0.473898
0.682318
0.630175
0.362374
0.337709
0.391256
0.819177
0.474143
0.497220
0.120485
0.214689
0.943102
0.275909
0.507482
0.728342
0.559003
0.639539
0.463613
0.249416
0.337338
0.731847
0.492052
0.032474
0.739943
0.610757
0.252773
0.650245
0.120147
0.700168
0.625095
0.238709
0.833676
0.338594
0.377990
0.784784
0.946884
0.844917
0.440053
0.770425
0.502663
0.819580
0.836926
0.829844
0.001051
0.983007
0.394278
0.397155
0.628417
0.631321
0.232428
0.016884
0.759814
0.066963
0.051043
0.855147
0.268188
0.563600
0.376180
0.613385
0.282737
0.173410
0.832239
0.160374
0.072528
0.344865
0.684450
0.389782
0.510008
0.287901
0.828198
0.737571
0.743715
0.794494
0.098664
0.330627
0.600338
0.516453
0.593434
0.042184
0.378790
0.112386
0.105312
0.835434
0.670957
0.531382
0.812319
0.959184
0.347768
0.226024
0.032042
0.652425
0.161642
0.658924
0.541546
0.022672
0.348321
0.670460
0.114671
0.610757
0.452315
0.177638
0.239839
0.164287
0.323842
0.762323
0.917967
0.607903
0.784784
0.694444
0.354093
0.306865
0.219138
0.360106
0.479679
0.872186
0.758940
0.850818
0.897923
0.939796
0.964610
0.298489
0.678127
0.932754
0.971208
0.187533
0.811605
0.828231
0.113511
0.827834
0.961218
0.382153
0.654451
0.612890
0.202082
0.933166
0.181845
0.467388
0.942784
0.555274
0.943162
0.976754
0.536161
0.065208
0.295933
0.621164
0.096004
0.945400
0.353680
0.289408
0.028590
0.525669
0.479750
0.170559
0.790218
0.599920
0.892393
0.846313
0.598174
0.684298
0.275391
0.285209
0.243366
0.352416
0.293936
0.031772
0.308095
0.571924
0.162029
0.298803
0.170088
0.903551
0.114671
0.102646
0.466798
0.229970
0.538446
0.505826
0.122530
0.008489
0.356040
0.389594
0.333391
0.818908
0.188739
0.216116
0.337452
0.443186
0.680147
0.565959
0.330008
0.743382
0.590329
0.486908
0.021727
0.917510
0.746592
0.941179
0.736235
0.889813
0.471526
0.155476
0.314892
0.148276
0.962426
0.993290
0.612395
0.402341
0.420201
0.218436
0.596353
0.847357
0.766853
0.583751
0.848020
0.054087
0.565547
0.662669
0.560385
0.879022
0.069250
0.743198
0.282435
0.869971
0.411602
0.303278
0.786093
0.533770
0.830272
0.900229
0.262790
0.373337
0.996576
0.689128
0.893808
0.392262
0.358589
0.747144
0.701114
0.437871
0.556728
0.524755
0.837864
0.011992
0.630366
0.597301
0.477433
0.102646
0.775024
0.347331
0.986837
0.042496
0.637665
0.461335
0.596846
0.214384
0.783757
0.827570
0.276280
0.982103
0.113167
0.807747
0.556467
0.542914
0.918590
0.319537
0.651163
0.503488
0.675954
0.884064
0.547135
0.149977
0.998981
0.099297
0.730767
0.084437
0.074402
0.290766
0.010955
0.342267
0.836019
0.825286
0.879453
0.096333
0.126633
0.785138
0.424473
0.801656
0.097087
0.500332
0.703838
0.973943
0.001086
0.943657
0.460612
0.004348
0.476277
0.121352
0.924503
0.259190
0.935374
0.344460
0.069811
0.579488
0.544505
0.959988
0.696417
0.453647
0.638048
0.905257
0.711387
0.249187
0.587378
0.103170
0.622957
0.757810
0.028063
0.233144
0.999433
0.356632
0.477433
0.174644
0.629525
0.861440
0.762106
0.428769
0.349692
0.178162
0.670460
0.337994
0.881284
0.015640
0.458994
0.895781
0.004787
0.763521
0.137706
0.240105
0.653228
0.829219
0.030756
0.675878
0.731549
0.597947
0.904973
0.109137
0.024273
0.776420
0.791237
0.115465
0.252265
0.132968
0.102875
0.692015
0.830830
0.809935
0.707352
0.320664
0.211877
0.221943
0.030302
0.201482
0.485777
0.703725
0.102515
0.949022
0.376640
0.514893
0.020227
0.178442
0.756533
0.009537
0.970543
0.729686
0.264628
0.294816
0.393647
0.205377
0.573126
0.591465
0.906309
0.124399
0.225452
0.591237
0.423156
0.605354
0.192378
0.631588
0.111622
0.129167
0.060442
0.816349
0.502196
0.649787
0.260583
0.174644
0.505034
0.844662
0.336740
0.326120
0.253908
0.556952
0.931446
0.151618
0.974335
0.977178
0.842590
0.187260
0.698539
0.687987
0.453886
0.784820
0.607446
0.357313
0.375047
0.871184
0.780559
0.061692
0.515582
0.896881
0.720710
0.354299
0.733448
0.855178
0.658771
0.392450
0.401096
0.356395
0.852319
0.589156
0.387655
0.496970
0.922813
0.844344
0.146088
0.928991
0.885135
0.587038
0.283568
0.255628
0.029030
0.765225
0.790077
0.444774
0.624522
0.826975
0.967345
0.942105
0.480875
0.286680
0.998337
0.994181
0.905282
0.812013
0.503129
0.876655
0.887707
0.780915
0.593586
0.851850
0.768009
0.720635
0.522018
0.124812
0.116095
0.700244
0.206913
0.502196
0.237451
0.393521
0.326120
0.153660
0.792429
0.613805
0.155257
0.002164
0.934905
0.877581
0.138185
0.044396
0.079898
0.939180
0.290817
0.577491
0.830502
0.815809
0.953134
0.933597
0.329054
0.143781
0.341806
0.081259
0.882138
0.525888
0.784784
0.962975
0.698312
0.594382
0.612814
0.918637
0.884825
0.693875
0.856970
0.480910
0.434858
0.085728
0.329391
0.018501
0.750527
0.852631
0.212521
0.839316
0.732145
0.420824
0.896560
0.664503
0.684221
0.310134
0.295205
0.146591
0.770533
0.043909
0.955873
0.343131
0.495221
0.368721
0.722434
0.225812
0.018229
0.842685
0.549621
0.734601
0.129020
0.077508
0.891847
0.587227
0.178704
0.168847
0.606723
0.558406
0.782302
0.962300
0.410179
0.393521
0.031937
0.496720
0.734675
0.254163
0.800687
0.312236
0.723146
0.348059
0.188813
0.819982
0.122887
0.579488
0.440928
0.949785
0.946251
0.665496
0.321657
0.083399
0.297992
0.224755
0.638353
0.767973
0.700622
0.060625
0.006596
0.772548
0.119872
0.941663
0.484823
0.886228
0.663739
0.035986
0.832795
0.230550
0.707654
0.332148
0.058969
0.694558
0.105870
0.420725
0.433257
0.191060
0.332797
0.749645
0.004177
0.815640
0.838188
0.132600
0.390221
0.954533
0.457792
0.503165
0.368661
0.567795
0.479679
0.003749
0.873067
0.302379
0.569483
0.268285
0.851100
0.741350
0.956097
0.788599
0.060381
0.777671
0.356721
0.280906
0.067658
0.963628
0.219469
0.041093
0.373642
0.884205
0.813643
0.389719
0.074345
0.848556
0.303436
0.298332
0.768262
0.457277
0.590064
0.032889
0.785563
0.699903
0.066246
0.765840
0.410599
0.744158
0.572713
0.531126
0.715829
0.425594
0.556169
0.776920
0.836083
0.425924
0.606951
0.095768
0.747696
0.732368
0.165056
0.845711
0.639156
0.129033
0.851569
0.751554
0.481086
0.746076
0.928991
0.881142
0.357669
0.303595
0.466451
0.061596
0.848493
0.480875
0.170761
0.736755
0.866693
0.337909
0.813202
0.007276
0.051544
0.600376
0.715114
0.237606
0.762106
0.053472
0.146088
0.493796
0.012784
0.136139
0.191134
0.165680
0.258861
0.739943
0.159591
0.375751
0.645465
0.476207
0.577190
0.249005
0.526583
0.590140
0.025123
0.884205
0.121365
0.132137
0.073209
0.416410
0.040414
0.577642
0.467630
0.000990
0.749167
0.724269
0.946424
0.234384
0.662555
0.162126
0.967185
0.317591
0.819647
0.396870
0.638009
0.220340
0.408727
0.369660
0.513987
0.266283
0.335375
0.396807
0.982464
0.271247
0.596164
0.213613
0.520998
0.834426
0.483834
0.291125
0.906565
0.523806
0.678928
0.639730
0.678699
0.738128
0.855426
0.385940
0.101659
0.296557
0.835954
0.314647
0.445518
0.805620
0.785775
0.109126
0.986746
0.336911
0.703536
0.574668
0.424736
0.205456
0.898668
0.311022
0.838833
0.740313
0.461680
0.062462
0.234428
0.429067
0.430827
0.287596
0.603377
0.850818
0.095349
0.000127
0.742976
0.047398
0.025123
0.264389
0.522128
0.722284
0.316635
0.163830
0.037531
0.845362
0.895404
0.350628
0.257780
0.650704
0.075150
0.876800
0.577943
0.350218
0.997743
0.196925
0.660109
0.986779
0.375292
0.363932
0.523842
0.045489
0.429001
0.012926
0.993863
0.151191
0.361567
0.491803
0.384572
0.947361
0.952453
0.896399
0.261459
0.342872
0.817024
0.107391
0.932298
0.988654
0.834100
0.044662
0.034995
0.236901
0.518996
0.091118
0.541953
0.718646
0.474737
0.257287
0.906232
0.675878
0.482142
0.164107
0.795367
0.574818
0.550141
0.688862
0.281933
0.057148
0.853782
0.463544
0.521362
0.673513
0.449216
0.778135
0.320307
0.285260
0.246456
0.523769
0.849186
0.610834
0.116155
0.659230
0.138100
0.264389
0.600338
0.712781
0.482318
0.920562
0.182076
0.442309
0.915452
0.784784
0.811911
0.318851
0.664885
0.546839
0.965710
0.804416
0.849217
0.485317
0.650513
0.723595
0.712028
0.676907
0.074476
0.208676
0.257241
0.375965
0.800167
0.662173
0.909910
0.628303
0.035036
0.553004
0.212441
0.401065
0.035639
0.738609
0.867172
0.756094
0.357550
0.618875
0.151420
0.496470
0.997479
0.140101
0.798780
0.286604
0.379899
0.647492
0.685059
0.438911
0.380053
0.959382
0.017274
0.331387
0.359302
0.381968
0.079968
0.505754
0.968820
0.320747
0.318330
0.712668
0.097690
0.124825
0.829318
0.544246
0.924572
0.422104
0.319400
0.196262
0.572375
0.747218
0.187260
0.299196
0.138100
0.968636
0.756350
0.166703
0.544653
0.770497
0.045234
0.592752
0.983221
0.585639
0.542914
0.908498
0.362195
0.410826
0.025942
0.656516
0.309140
0.654948
0.256539
0.531970
0.075356
0.710407
0.950671
0.685629
0.629869
0.393363
0.360374
0.413580
0.728566
0.255745
0.690496
0.344836
0.554977
0.561506
0.940611
0.055673
0.365223
0.083227
0.935713
0.783189
0.932472
0.190284
0.565060
0.361747
0.789831
0.897576
0.625401
0.000305
0.234820
0.789233
0.965245
0.377376
0.652846
0.525669
0.798918
0.629793
0.403844
0.594306
0.845298
0.570985
0.481860
0.060659
0.301245
0.973586
0.675153
0.933144
0.762069
0.529622
0.778064
0.024535
0.905796
0.540032
0.028634
0.412023
0.493831
0.968636
0.020475
0.493333
0.351389
0.560012
0.891134
0.734006
0.265851
0.009070
0.669201
0.755509
0.636136
0.338366
0.639844
0.993311
0.390660
0.663090
0.299012
0.577265
0.888208
0.026262
0.075845
0.958001
0.737126
0.753534
0.804623
0.857493
0.400873
0.687607
0.263744
0.025431
0.280706
0.930434
0.679728
0.172421
0.137636
0.572450
0.920089
0.354653
0.885106
0.638850
0.345270
0.986654
0.167266
0.286883
0.886676
0.717858
0.538040
0.232927
0.020712
0.214323
0.630136
0.631435
0.432024
0.203851
0.713459
0.436597
0.363602
0.274307
0.544912
0.535204
0.112103
0.454844
0.497470
0.698350
0.594950
0.294972
0.358589
0.171302
0.330964
0.364262
0.418237
0.092370
0.511815
0.327096
0.729536
0.604365
0.844185
0.429598
0.538556
0.675268
0.997495
0.349721
0.264293
0.602427
0.710935
0.128211
0.408115
0.517905
0.830107
0.974648
0.142821
0.049150
0.490275
0.069580
0.034146
0.880742
0.187369
0.244580
0.886620
0.997935
0.918518
0.456077
0.104424
0.530502
0.563937
0.974007
0.523952
0.095053
0.645695
0.478064
0.385100
0.286375
0.002334
0.105301
0.275761
0.331528
0.360821
0.797215
0.651966
0.085376
0.939673
0.854403
0.195639
0.263052
0.203267
0.974673
0.457002
0.954603
0.638468
0.709352
0.941320
0.754888
0.835467
0.079602
0.816721
0.885864
0.540771
0.797737
0.004519
0.015302
0.407535
0.592714
0.258908
0.675268
0.079959
0.508347
0.025671
0.327096
0.354653
0.078962
0.291408
0.550178
0.769416
0.556243
0.723707
0.421053
0.938685
0.478626
0.584884
0.735084
0.759268
0.824156
0.647569
0.338823
0.152506
0.720335
0.343766
0.178354
0.676526
0.934670
0.090883
0.814016
0.249599
0.193853
0.411505
0.563151
0.297600
0.178389
0.648027
0.627654
0.345444
0.615710
0.175143
0.665267
0.510044
0.692129
0.233035
0.068102
0.885528
0.440019
0.147409
0.605240
0.806067
0.997822
0.941401
0.214628
0.743013
0.011626
0.415270
0.642139
0.050753
0.622499
0.960021
0.053508
0.279083
0.783189
0.072026
0.716618
0.053678
0.837541
0.544801
0.409146
0.010371
0.231628
0.584657
0.777206
0.657625
0.128224
0.587907
0.161385
0.025671
