0.281181
0.627845
0.132395
0.684031
0.639386
0.596467
0.222801
0.466001
0.837347
0.218251
0.160294
0.991803
0.901045
0.981677
0.320499
0.189731
0.280956
0.411537
0.243276
0.883838
0.949283
0.108141
0.833709
0.439247
0.693761
0.679880
0.140372
0.438642
0.341576
0.085450
0.142227
0.270711
0.735121
0.540475
0.479996
0.374589
0.135042
0.791272
0.303092
0.254720
0.058081
0.817024
0.406409
0.303913
0.622690
0.168713
0.973650
0.428073
0.178652
0.497041
0.030120
0.173307
0.911536
0.049963
0.976265
0.559190
0.195186
0.864921
0.456865
0.863110
0.115489
0.539700
0.241263
0.736235
0.531529
0.797110
0.146103
0.834361
0.022420
0.538888
0.734006
0.396997
0.078369
0.042771
0.281181
0.868634
0.637436
0.414522
0.956458
0.759159
0.135930
0.178127
0.907864
0.303781
0.761561
0.082713
0.923278
0.196035
0.433890
0.168380
0.768912
0.362344
0.951348
0.850160
0.576738
0.192974
0.261388
0.434090
0.365103
0.178617
0.686238
0.219200
0.578734
0.048604
0.109183
0.550884
0.607674
0.962458
0.735827
0.228984
0.431858
0.060625
0.754193
0.011239
0.284274
0.169232
0.894999
0.526583
0.272762
0.181490
0.784465
0.881256
0.605886
0.317892
0.396838
0.069403
0.286274
0.456454
0.371693
0.844312
0.931424
0.284476
0.096673
0.981860
0.773804
0.893401
0.019991
0.483905
0.211957
0.469819
0.334694
0.113167
0.148096
0.406442
0.278089
0.362793
0.297548
0.042771
0.118754
0.539147
0.753973
0.145041
0.037054
0.957276
0.350101
0.482107
0.045667
0.232949
0.752508
0.672369
0.418172
0.820853
0.848745
0.642942
0.078772
0.820384
0.953987
0.444233
0.546913
0.941984
0.340628
0.197039
0.986637
0.574405
0.332571
0.600300
0.638583
0.214892
0.931512
0.406892
0.136222
0.945205
0.662975
0.265683
0.949915
0.963489
0.484293
0.968252
0.380546
0.745523
0.796414
0.093608
0.337680
0.994883
0.794879
0.915914
0.713609
0.308872
0.731065
0.289894
0.456625
0.234515
0.781306
0.253676
0.094941
0.775310
0.843930
0.019655
0.929370
0.905642
0.706219
0.301297
0.507554
0.720710
0.852599
0.724568
0.194434
0.797284
0.470515
0.396395
0.272126
0.706521
0.118754
0.408727
0.133323
0.057174
0.568133
0.594420
0.047948
0.836375
0.075887
0.889123
0.177307
0.494615
0.891983
0.135527
0.171251
0.991099
0.925123
0.703649
0.642521
0.428040
0.693989
0.200460
0.063829
0.049240
0.092024
0.844758
0.115961
0.665382
0.395604
0.593927
0.400650
0.229305
0.316581
0.359808
0.724044
0.683194
0.064136
0.702174
0.186442
0.652196
0.817327
0.671224
0.351741
0.923556
0.622423
0.138538
0.937459
0.876162
0.829417
0.569708
0.897443
0.207209
0.601591
0.842909
0.394625
0.500834
0.739980
0.508780
0.591237
0.940449
0.537451
0.406667
0.564648
0.382525
0.775059
0.111060
0.704708
0.395857
0.848903
0.745633
0.586962
0.056305
0.996627
0.706521
0.017877
0.279607
0.197971
0.618417
0.022588
0.120335
0.809970
0.558593
0.738609
0.169634
0.835499
0.755911
0.764392
0.262053
0.385100
0.916181
0.232515
0.701417
0.234667
0.881825
0.198219
0.608816
0.701190
0.912999
0.851413
0.995327
0.953828
0.221317
0.795367
0.520998
0.347069
0.911984
0.788246
0.547951
0.232147
0.519578
0.904561
0.892857
0.662402
0.005027
0.157215
0.023447
0.548842
0.852818
0.887874
0.506437
0.260347
0.530649
0.277270
0.492906
0.642750
0.323980
0.043162
0.522675
0.153876
0.024311
0.342324
0.508852
0.567570
0.145070
0.966893
0.869110
0.443726
0.521289
0.703006
0.075348
0.967793
0.102504
0.293832
0.104934
0.715114
0.000855
0.037680
0.102537
0.017877
0.586660
0.041537
0.292670
0.608245
0.115043
0.263362
0.518996
0.777171
0.273178
0.391696
0.864861
0.268938
0.152721
0.252658
0.226511
0.609425
0.539663
0.897282
0.943834
0.631359
0.935501
0.561282
0.228065
0.565060
0.251251
0.558518
0.280581
0.731922
0.668552
0.013019
0.197134
0.766021
0.345937
0.394941
0.379714
0.960493
0.574856
0.702250
0.445248
0.702817
0.776205
0.096932
0.171691
0.355361
0.694065
0.185122
0.178442
0.499687
0.923765
0.276230
0.793515
0.823957
0.240061
0.034963
0.535278
0.614109
0.970775
0.819982
0.584657
0.985295
0.830830
0.464097
0.584770
0.110257
0.834067
0.675115
0.287876
0.366397
0.036057
0.253560
0.002665
0.123949
0.102537
0.309408
0.139389
0.162466
0.186733
0.966349
0.130463
0.439079
0.006825
0.643936
0.588664
0.301060
0.051298
0.250998
0.109575
0.427676
0.370417
0.328326
0.659727
0.113773
0.449658
0.974673
0.105056
0.488679
0.075067
0.504243
0.711915
0.601135
0.632811
0.854776
0.288003
0.655407
0.553897
0.388655
0.388030
0.537967
0.128940
0.699751
0.409372
0.850724
0.534726
0.335801
0.339825
0.519287
0.590859
0.997329
0.538114
0.706597
0.662822
0.532153
0.499473
0.769885
0.059661
0.439247
0.079048
0.740091
0.058903
0.728604
0.319372
0.607218
0.552966
0.676488
0.955839
0.985842
0.284072
0.998457
0.445383
0.816181
0.273056
0.674734
0.202353
0.868723
0.070330
0.003320
0.034893
0.309408
0.090873
0.461577
0.509791
0.012355
0.265803
0.716242
0.318906
0.872744
0.108301
0.929548
0.529329
0.988187
0.799613
0.018249
0.882593
0.784855
0.640112
0.844758
0.220922
0.808193
0.211756
0.747623
0.930875
0.146162
0.334467
0.329559
0.189271
0.122505
0.421283
0.053128
0.999686
0.009581
0.505214
0.729984
0.964928
0.669506
0.785740
0.192769
0.698426
0.485459
0.211836
0.071056
0.439045
0.212541
0.003487
0.097284
0.265371
0.537414
0.035291
0.268817
0.028787
0.350277
0.945710
0.272860
0.292154
0.428603
0.904302
0.820250
0.270249
0.876278
0.142676
0.206065
0.834035
0.187205
0.862685
0.629869
0.708182
0.019131
0.155257
0.001475
0.001541
0.046784
0.034893
0.540143
0.795856
0.978861
0.624790
0.168046
0.237650
0.934499
0.989358
0.436296
0.083607
0.295439
0.530759
0.750270
0.283795
0.386750
0.999677
0.810277
0.652157
0.660185
0.588437
0.272933
0.670804
0.079611
0.952938
0.287570
0.481403
0.528596
0.230701
0.747328
0.804416
0.211434
0.404869
0.878331
0.728492
0.096199
0.650857
0.659421
0.932428
0.430893
0.794774
0.169416
0.240172
0.614414
0.441871
0.035998
0.153722
0.869437
0.481825
0.708522
0.323620
0.588929
0.084199
0.313643
0.247910
0.732703
0.414977
0.830863
0.026029
0.220008
0.349838
0.215667
0.814761
0.624637
0.180587
0.775274
0.642330
0.915963
0.276082
0.584921
0.121050
0.362464
0.606495
0.514784
0.095645
0.540143
0.598136
0.019572
0.493404
0.846028
0.713270
0.930787
0.776634
0.730804
0.733522
0.296844
0.217818
0.376977
0.381411
0.405639
0.363422
0.906565
0.988380
0.908295
0.990586
0.811333
0.406570
0.555312
0.481614
0.463924
0.405061
0.892720
0.098632
0.881370
0.999742
0.695241
0.537745
0.236726
0.790921
0.761197
0.065245
0.743087
0.915744
0.372088
0.313129
0.832991
0.891463
0.532631
0.446907
0.031168
0.292799
0.993695
0.670117
0.741978
0.546283
0.522784
0.491163
0.829877
0.377744
0.114120
0.854652
0.868872
0.205299
0.916303
0.814456
0.959727
0.454981
0.111786
0.914034
0.049764
0.151863
0.426684
0.642483
0.342468
0.493902
0.432124
0.436196
0.074019
0.095645
0.005203
0.338623
0.633728
0.385162
0.724081
0.850536
0.524792
0.762215
0.839864
0.613195
0.571210
0.505466
0.857770
0.608702
0.033075
0.714249
0.332430
0.572751
0.578395
0.685287
0.295387
0.387374
0.377468
0.613424
0.576738
0.065806
0.137257
0.443929
0.300929
0.102504
0.531162
0.690154
0.092629
0.351126
0.706748
0.857493
0.562553
0.339281
0.010829
0.423880
0.742274
0.065645
0.135916
0.907508
0.746260
0.556094
0.684754
0.552743
0.442882
0.907813
0.959694
0.106431
0.616320
0.388030
0.140587
0.232255
0.031290
0.505358
0.488679
0.971437
0.906744
0.345386
0.531493
0.017890
0.295309
0.459338
0.174232
0.200018
0.365403
0.268285
0.403108
0.237804
0.057756
0.055535
0.005203
0.052227
0.087726
0.363063
0.150765
0.603187
0.469298
0.102005
0.343940
0.830666
0.551628
0.521581
0.911187
0.632467
0.014613
0.505538
0.130182
0.561842
0.122708
0.775740
0.687759
0.074092
0.287876
0.046838
0.232623
0.305959
0.470481
0.044888
0.436463
0.822624
0.016973
0.700054
0.052918
0.302300
0.866753
0.791623
0.809765
0.871154
0.232602
0.096952
0.373947
0.193161
0.602617
0.197020
0.943261
0.177900
0.917004
0.665000
0.171962
0.115248
0.272101
0.142661
0.729499
0.947949
0.634607
0.615786
0.551330
0.216874
0.022574
0.561244
0.521217
0.344923
0.283971
0.483094
0.059507
0.796797
0.193086
0.370812
0.591427
0.049713
0.216710
0.867680
0.495863
0.055535
0.581826
0.439952
0.596239
0.892147
0.347913
0.593851
0.976084
0.688025
0.219987
0.227873
0.505574
0.707050
0.075100
0.556952
0.084639
0.448264
0.340772
0.959084
0.957783
0.368751
0.213674
0.011676
0.374619
0.179125
0.875173
0.713873
0.756021
0.802727
0.965441
0.145261
0.986024
0.014673
0.517942
0.373124
0.479504
0.936052
0.091688
0.172676
0.121934
0.430627
0.551033
0.997106
0.333645
0.794040
0.703082
0.644892
0.882110
0.183791
0.360166
0.570121
0.376241
0.298567
0.679728
0.100285
0.397155
0.128053
0.312723
0.844535
0.277270
0.675497
0.628150
0.586546
0.592676
0.407213
0.251965
0.138764
0.139958
0.689432
0.236945
0.203208
0.858415
0.218086
0.014433
0.124696
0.581826
0.780061
0.084318
0.252796
0.646613
0.377775
0.088917
0.533219
0.116289
0.636136
0.948025
0.144073
0.427544
0.122925
0.517033
0.422629
0.803072
0.503058
0.154217
0.945380
0.104049
0.334665
0.715979
0.088917
0.612852
0.058415
0.362045
0.347447
0.408888
0.201869
0.546060
0.344287
0.238135
0.257217
0.034499
0.158083
0.391790
0.947475
0.970761
0.591465
0.670079
0.825418
0.050552
0.070516
0.332571
0.711764
0.700887
0.220257
0.112080
0.664427
0.512176
0.366186
0.221005
0.522638
0.848619
0.876336
0.834230
0.156288
0.074623
0.027993
0.626126
0.169919
0.552966
0.209373
0.182076
0.014958
0.372636
0.092202
0.002242
0.090590
0.464789
0.001891
0.393395
0.124696
0.746334
0.070120
0.148982
0.680071
0.078001
0.277915
0.444267
0.363452
0.029099
0.268987
0.255139
0.362404
0.240550
0.551776
0.254976
0.133514
0.037270
0.661064
0.425528
0.630251
0.434725
0.005362
0.584393
0.327068
0.044703
0.362045
0.488254
0.708597
0.013724
0.898747
0.206794
0.701417
0.062889
0.318577
0.095318
0.950211
0.068746
0.392545
0.003102
0.546542
0.487085
0.142879
0.073840
0.524792
0.138312
0.707918
0.505897
0.109218
0.417225
0.641871
0.103685
0.520488
0.624790
0.075183
0.085496
0.923718
0.030938
0.035028
0.356602
0.981972
0.055329
0.294168
0.088439
0.013001
0.528266
0.800029
0.317646
0.104269
0.402596
0.676526
0.389375
0.692471
0.319510
0.023112
0.746334
0.663854
0.826148
0.053369
0.509610
0.080968
0.860923
0.973892
0.845774
0.177848
0.297235
0.705917
0.870267
0.403652
0.086623
0.905128
0.276700
0.309569
0.354564
0.686580
0.215707
0.780595
0.676336
0.035209
0.387936
0.906616
0.961411
0.388124
0.455255
0.025195
0.723408
0.242290
0.991913
0.883895
0.303542
0.070120
0.638621
0.735604
0.162806
0.898800
0.228364
0.227873
0.537045
0.064897
0.884121
0.896291
0.289433
0.263624
0.295829
0.006361
0.782337
0.783225
0.289510
0.599692
0.464581
0.025255
0.424176
0.294194
0.777135
0.514820
0.502555
0.626584
0.926606
0.124954
0.254163
0.203072
0.684107
0.519505
0.109702
0.025060
0.165713
0.566783
0.129273
0.023112
0.600338
0.358203
0.971168
0.942145
0.177726
0.506041
0.051819
0.456694
0.314974
0.025800
0.909810
0.770713
0.135916
0.824887
0.263791
0.818303
0.504351
0.652501
0.571886
0.887457
0.610872
0.619867
0.941360
0.850943
0.056121
0.105635
0.392136
0.844790
0.412218
0.683574
0.181597
0.350452
0.698615
0.088067
0.002325
0.967141
0.788387
0.298698
0.451395
0.326510
0.628036
0.402756
0.589496
0.770461
0.070509
0.568620
0.047133
0.401639
0.281031
0.000986
0.716881
0.237011
0.972603
0.195525
0.270516
0.669697
0.076120
0.519287
0.235345
0.435426
0.430428
0.638736
0.545283
0.039311
0.226363
0.303542
0.715001
0.115683
0.233687
0.105535
0.259969
0.976611
0.279682
0.740795
0.600338
0.530429
0.273522
0.761742
0.452691
0.567495
0.238953
0.964305
0.626470
0.847831
0.878591
0.275810
0.311318
0.049719
0.414457
0.209712
0.350160
0.990060
0.155429
0.568133
0.629181
0.583562
0.751151
0.479363
0.308389
0.004524
0.189529
0.458479
0.899357
0.777921
0.620019
0.560460
0.216116
0.553785
0.205554
0.506329
0.230013
0.601857
0.838639
0.042262
0.252588
0.554679
0.379005
0.145217
0.356898
0.879453
0.747659
0.642445
0.538888
0.888984
0.882422
0.201405
0.827141
0.221234
0.935840
0.561469
0.171945
0.094931
0.859977
0.457723
0.057762
0.203988
0.188227
0.968636
0.013712
0.166438
0.105960
0.687265
0.325730
0.435527
0.323980
0.552966
0.070392
0.740795
0.791763
0.481086
0.038525
0.254302
0.780203
0.244422
0.760324
0.127170
0.686923
0.261649
0.354741
0.165697
0.967345
0.894702
0.567945
0.772692
0.332148
0.248822
0.146310
0.370114
0.572600
0.974523
0.256258
0.892857
0.136431
0.399314
0.920065
0.088706
0.797841
0.976730
0.952417
0.408985
0.513624
0.075687
0.613614
0.381071
0.576888
0.746002
0.939447
0.300455
0.847104
0.040452
0.676831
0.542507
0.469680
0.507482
0.842845
0.815438
0.668819
0.884459
0.732368
0.793060
0.843388
0.257944
0.318002
0.382989
0.231132
0.759450
0.871420
0.599503
0.964412
0.996127
0.992112
0.777492
0.682356
0.992677
0.354623
0.671529
0.193441
0.329223
0.500260
0.328438
0.593055
0.325591
0.791763
0.608207
0.240172
0.640342
0.677632
0.882536
0.054646
0.568283
0.047009
0.651660
0.359719
0.248776
0.804141
0.546023
0.881455
0.596239
0.707238
0.690496
0.172762
0.553190
0.317373
0.410179
0.605164
0.506546
0.100125
0.771433
0.549473
0.756679
0.686504
0.720372
0.270516
0.781875
0.487475
0.379005
0.945147
0.453886
0.504854
0.443017
0.931796
0.714098
0.933576
0.332712
0.059148
0.692015
0.275835
0.067201
0.718308
0.385754
0.798224
0.134022
0.320444
0.638506
0.716881
0.330795
0.579902
0.682965
0.491234
0.095073
0.196527
0.637818
0.054406
0.500332
0.764355
0.343940
0.254209
0.383361
0.026640
0.376701
0.893401
0.364052
0.371389
0.864469
0.464823
0.325591
