0.861592
0.805345
0.851632
0.571098
0.135416
0.676869
0.117412
0.956817
0.124322
0.233014
0.155008
0.015512
0.388937
0.832598
0.138920
0.529622
0.805586
0.551739
0.932906
0.803555
0.256936
0.133514
0.032398
0.294531
0.447653
0.318193
0.781449
0.209992
0.471700
0.259096
0.300797
0.064861
0.958420
0.180340
0.029396
0.002911
0.731102
0.655981
0.723557
0.222131
0.301297
0.156085
0.750160
0.508961
0.396142
0.976943
0.566221
0.431658
0.293677
0.437803
0.594040
0.023619
0.422465
0.576060
0.746665
0.931621
0.107561
0.883046
0.857924
0.596239
0.733485
0.260181
0.856816
0.954252
0.332571
0.770461
0.473165
0.145114
0.788528
0.338995
0.266668
0.059128
0.822957
0.441029
0.861592
0.974410
0.010639
0.757153
0.807542
0.862413
0.530612
0.014125
0.527314
0.072264
0.919591
0.627615
0.360672
0.992034
0.339768
0.646957
0.372758
0.174472
0.528120
0.167548
0.309247
0.759195
0.790499
0.231089
0.065339
0.979217
0.952848
0.151511
0.109806
0.465273
0.284501
0.800375
0.423156
0.243096
0.237187
0.999814
0.926561
0.792815
0.348204
0.591162
0.854590
0.790675
0.947798
0.607484
0.673399
0.043899
0.997662
0.027923
0.570046
0.315518
0.614681
0.790780
0.949952
0.336142
0.952669
0.949358
0.096168
0.986383
0.950506
0.814964
0.298384
0.960021
0.376027
0.010144
0.262290
0.984135
0.611405
0.946308
0.235673
0.082077
0.921856
0.642865
0.340542
0.441029
0.677632
0.232515
0.736198
0.969299
0.820820
0.779491
0.697516
0.962819
0.327152
0.081810
0.847610
0.822324
0.783047
0.646192
0.282586
0.714926
0.291768
0.678470
0.084850
0.010878
0.772476
0.088908
0.677975
0.481227
0.065514
0.592752
0.104900
0.995156
0.483305
0.312425
0.667673
0.410664
0.068533
0.371025
0.514385
0.032269
0.689850
0.245867
0.821990
0.101681
0.497863
0.449454
0.928522
0.877090
0.133131
0.982948
0.217140
0.165335
0.927036
0.844376
0.612585
0.135860
0.950891
0.270200
0.910887
0.322154
0.777850
0.109114
0.834328
0.863231
0.864831
0.333872
0.940163
0.955023
0.058533
0.152383
0.400491
0.969911
0.193665
0.170694
0.607446
0.334750
0.673399
0.771433
0.677632
0.514023
0.481121
0.426981
0.925741
0.211253
0.354623
0.589118
0.338652
0.759632
0.828725
0.425924
0.899383
0.191282
0.815201
0.740684
0.041140
0.096766
0.233057
0.512213
0.445417
0.396458
0.407632
0.689850
0.127196
0.742237
0.555200
0.851725
0.913221
0.152199
0.028083
0.372423
0.731139
0.799404
0.984598
0.996037
0.322098
0.100541
0.109149
0.996725
0.316717
0.285564
0.597681
0.841726
0.793375
0.663510
0.044391
0.289612
0.696038
0.140515
0.709880
0.047659
0.436564
0.118717
0.269277
0.262695
0.589572
0.365644
0.926561
0.067194
0.008220
0.928924
0.403684
0.405157
0.811163
0.751224
0.450952
0.147932
0.881056
0.378821
0.338223
0.203890
0.444334
0.771433
0.195941
0.395288
0.446873
0.571924
0.767540
0.204691
0.760433
0.060958
0.847010
0.667215
0.317099
0.500153
0.978850
0.328998
0.111633
0.200787
0.808364
0.700054
0.599730
0.384572
0.882224
0.040672
0.552818
0.954146
0.515437
0.683536
0.728342
0.768912
0.945632
0.106904
0.015266
0.816349
0.153537
0.516162
0.262409
0.097680
0.137959
0.324147
0.900361
0.298724
0.102320
0.827339
0.857678
0.219428
0.902223
0.690040
0.699903
0.189161
0.606495
0.786694
0.101583
0.229283
0.706974
0.056597
0.117940
0.888485
0.085311
0.258014
0.431691
0.201830
0.223976
0.450577
0.638506
0.228406
0.066748
0.438072
0.190653
0.242402
0.234820
0.085515
0.498185
0.958935
0.472118
0.219821
0.195941
0.186805
0.619333
0.477784
0.754815
0.874443
0.734377
0.259402
0.649634
0.758466
0.433990
0.021678
0.385100
0.252981
0.265587
0.041681
0.844917
0.831453
0.198810
0.269423
0.385411
0.006565
0.990301
0.522346
0.161417
0.596695
0.644892
0.788282
0.111563
0.827603
0.366005
0.661905
0.891874
0.334070
0.032754
0.916472
0.476802
0.160983
0.885780
0.300166
0.889592
0.736569
0.523404
0.077398
0.795402
0.882366
0.794844
0.747954
0.386750
0.312263
0.119947
0.740239
0.617769
0.910261
0.630862
0.871302
0.708258
0.635028
0.713760
0.444706
0.568733
0.001161
0.365193
0.745375
0.060999
0.514023
0.224144
0.379744
0.348904
0.378821
0.121820
0.708597
0.661523
0.219821
0.040181
0.856785
0.886228
0.707540
0.344258
0.915355
0.672903
0.147857
0.121302
0.342930
0.401543
0.555908
0.530098
0.555908
0.254604
0.632888
0.030618
0.045919
0.711387
0.638353
0.575759
0.358203
0.391664
0.489388
0.533182
0.981595
0.841854
0.266596
0.431492
0.683498
0.251574
0.909079
0.158336
0.015666
0.479539
0.649787
0.558742
0.887958
0.552669
0.854000
0.910111
0.033028
0.402660
0.540771
0.791763
0.427246
0.218539
0.554083
0.135111
0.839735
0.969452
0.268019
0.172779
0.030152
0.947589
0.828428
0.356573
0.029911
0.296818
0.846345
0.412639
0.937793
0.626164
0.438005
0.813406
0.663166
0.419317
0.698880
0.611900
0.242424
0.660033
0.828692
0.443895
0.652310
0.040181
0.106690
0.637283
0.408276
0.103028
0.606000
0.220381
0.582090
0.826446
0.831191
0.942064
0.270176
0.800929
0.683118
0.200364
0.252912
0.047241
0.784359
0.792394
0.824721
0.989452
0.951129
0.733745
0.452691
0.049787
0.514784
0.383330
0.543173
0.175022
0.708786
0.545283
0.195073
0.752874
0.494472
0.463164
0.691863
0.750306
0.160262
0.602997
0.333843
0.005785
0.692775
0.421513
0.527022
0.990458
0.618913
0.109667
0.469228
0.156054
0.805827
0.502878
0.179248
0.178967
0.244738
0.794005
0.376670
0.023287
0.698653
0.741645
0.230292
0.633537
0.135001
0.011071
0.842302
0.705274
0.900334
0.996234
0.911859
0.511091
0.224650
0.471038
0.358025
0.867291
0.652310
0.572487
0.665687
0.809935
0.414457
0.557399
0.437167
0.313996
0.279582
0.201308
0.232710
0.340657
0.922627
0.864349
0.352328
0.549139
0.891710
0.198009
0.340456
0.723745
0.113952
0.519542
0.500296
0.323620
0.877090
0.606000
0.205181
0.190801
0.741608
0.532227
0.412542
0.707276
0.218581
0.360195
0.530319
0.677251
0.654757
0.644127
0.458170
0.975157
0.087149
0.289715
0.931446
0.348408
0.970146
0.133323
0.903083
0.206006
0.981087
0.472676
0.942525
0.933576
0.029047
0.983767
0.451872
0.462266
0.519069
0.898349
0.134036
0.312777
0.952902
0.416410
0.248365
0.700509
0.764174
0.554977
0.391476
0.151832
0.328298
0.547988
0.129540
0.152874
0.062791
0.920916
0.269326
0.572487
0.108016
0.980878
0.868247
0.305799
0.608892
0.033911
0.001899
0.258038
0.093809
0.415433
0.743050
0.899912
0.517469
0.423913
0.787153
0.664580
0.090629
0.500762
0.080344
0.454194
0.553897
0.595860
0.767720
0.421381
0.125356
0.649595
0.838736
0.723146
0.459166
0.474772
0.217592
0.050904
0.226448
0.994568
0.480242
0.982633
0.874648
0.675306
0.657166
0.594192
0.410373
0.879855
0.528449
0.227809
0.161916
0.780096
0.887513
0.497291
0.886032
0.892229
0.498936
0.704481
0.463026
0.793130
0.693913
0.165713
0.200537
0.258061
0.762287
0.654451
0.347186
0.799959
0.822891
0.585073
0.694065
0.073492
0.749020
0.677632
0.564835
0.561394
0.549287
0.617921
0.269326
0.188465
0.316035
0.300350
0.187515
0.230206
0.077678
0.614376
0.936178
0.150098
0.330852
0.807782
0.865342
0.891052
0.981820
0.030847
0.134876
0.298489
0.159782
0.510080
0.373825
0.922533
0.004123
0.688938
0.293238
0.779455
0.858262
0.930985
0.179899
0.209792
0.118531
0.243186
0.072193
0.336597
0.192061
0.158083
0.322955
0.223388
0.939036
0.684031
0.056802
0.896238
0.378082
0.093517
0.781520
0.648983
0.244220
0.938374
0.960444
0.916617
0.756094
0.367573
0.756459
0.815370
0.091619
0.086586
0.520852
0.034706
0.261033
0.441399
0.046162
0.375506
0.592336
0.413547
0.964320
0.494829
0.586093
0.311588
0.404324
0.452145
0.523149
0.563713
0.043083
0.189970
0.178407
0.188465
0.479539
0.459166
0.257030
0.861136
0.540438
0.465862
0.161433
0.969285
0.341317
0.442815
0.472467
0.289101
0.695848
0.215381
0.806342
0.897709
0.170121
0.154201
0.377038
0.636939
0.811299
0.457517
0.701833
0.728193
0.615596
0.762759
0.989153
0.269569
0.176734
0.731288
0.683536
0.281357
0.932211
0.109552
0.260891
0.670499
0.097170
0.646230
0.671033
0.784395
0.903499
0.133912
0.932058
0.778314
0.706143
0.789303
0.793235
0.666528
0.039452
0.510477
0.193067
0.922860
0.730170
0.337167
0.800860
0.070446
0.127815
0.900361
0.356395
0.086923
0.509249
0.133501
0.982194
0.612890
0.243523
0.931095
0.182254
0.132586
0.008515
0.914671
0.782870
0.450373
0.178407
0.267632
0.448706
0.555610
0.714136
0.442208
0.811809
0.526875
0.593055
0.983075
0.249691
0.851538
0.680642
0.130934
0.725615
0.213694
0.531860
0.770497
0.797598
0.260962
0.009711
0.546579
0.979547
0.264724
0.810004
0.525778
0.720672
0.030117
0.494401
0.314023
0.063986
0.891792
0.773948
0.997849
0.049572
0.552706
0.251896
0.759086
0.845742
0.168130
0.303304
0.626241
0.228385
0.272517
0.558220
0.979722
0.329503
0.726363
0.617769
0.210191
0.585790
0.689242
0.654260
0.994460
0.927330
0.729723
0.607598
0.872421
0.446534
0.176248
0.358440
0.228855
0.950800
0.612585
0.290689
0.576587
0.000367
0.261673
0.352269
0.783934
0.486448
0.198009
0.279781
0.273080
0.428703
0.267632
0.118766
0.877581
0.787294
0.009806
0.400109
0.948647
0.010115
0.122301
0.598364
0.990335
0.493368
0.852942
0.085644
0.442410
0.249622
0.946424
0.517324
0.341547
0.795751
0.997112
0.519323
0.458754
0.265611
0.378175
0.621164
0.296687
0.340743
0.614071
0.509899
0.292129
0.358945
0.933576
0.583637
0.393143
0.424341
0.245121
0.850317
0.707465
0.575759
0.857247
0.995885
0.436363
0.672903
0.184060
0.653037
0.337680
0.040941
0.520597
0.142010
0.834263
0.263887
0.250562
0.185446
0.812455
0.790464
0.240795
0.214018
0.116557
0.138878
0.645198
0.792850
0.198486
0.135985
0.820317
0.010435
0.408243
0.897469
0.503812
0.114767
0.504099
0.354093
0.084767
0.428703
0.303728
0.467283
0.266716
0.062225
0.666642
0.396332
0.147962
0.117657
0.842462
0.281958
0.613385
0.143155
0.841597
0.051714
0.071614
0.490559
0.827074
0.387187
0.903395
0.768406
0.236001
0.594230
0.073978
0.890887
0.185537
0.658007
0.345531
0.402085
0.424670
0.971598
0.453955
0.491341
0.929348
0.428504
0.054277
0.549102
0.532851
0.144410
0.551256
0.090893
0.205751
0.371025
0.781911
0.750820
0.969130
0.624828
0.096405
0.062128
0.547135
0.376578
0.920207
0.650628
0.495471
0.396965
0.126071
0.436162
0.558369
0.043402
0.629296
0.364232
0.934670
0.344084
0.631550
0.951001
0.386719
0.445755
0.414880
0.669277
0.047811
0.836148
0.701947
0.060482
0.353121
0.596581
0.293393
0.212602
0.294609
0.257077
0.676717
0.590215
0.067321
0.131365
0.708522
0.086063
0.196376
0.649672
0.060138
0.194904
0.123872
0.993648
0.551851
0.022979
0.596695
0.793025
0.196149
0.668819
0.231542
0.652310
0.528266
0.882621
0.748432
0.236199
0.417552
0.822757
0.011584
0.823424
0.041975
0.874297
0.298096
0.124799
0.821689
0.331950
0.111856
0.977096
0.011001
0.591540
0.447484
0.693610
0.130235
0.890832
0.615520
0.803452
0.632964
0.433557
0.021953
0.749167
0.144146
0.077976
0.672559
0.311939
0.852038
0.058081
0.451326
0.780986
0.738943
0.652004
0.699221
0.643362
0.792464
0.161192
0.872480
0.623683
0.301535
0.166885
0.638850
0.659956
0.454878
0.596581
0.338537
0.528340
0.837056
0.608473
0.873097
0.524353
0.927759
0.754815
0.268019
0.119188
0.697365
0.925490
0.989241
0.950322
0.471770
0.257662
0.035772
0.526327
0.020600
0.385069
0.667291
0.069857
0.842654
0.918995
0.171454
0.781555
0.194190
0.860526
0.034194
0.032375
0.814287
0.759669
0.006179
0.951148
0.281131
0.075895
0.212279
0.353415
0.584015
0.062413
0.717257
0.070081
0.887373
0.217962
0.316335
0.734154
0.388874
0.505106
0.462266
0.693686
0.772907
0.575759
0.993863
0.087963
0.069942
0.178075
0.362075
0.452725
0.956166
0.752508
0.071032
0.021540
0.304523
0.556877
0.894432
0.191023
0.559788
0.562216
0.103258
0.384448
0.892666
0.147962
0.688140
0.806136
0.338537
0.023944
0.018821
0.024630
0.345647
0.196338
0.458582
0.528230
0.635601
0.746481
0.401990
0.844344
0.291845
0.750527
0.139062
0.626241
0.151633
0.434257
0.847863
0.476942
0.923579
0.456900
0.449624
0.849626
0.937605
0.241129
0.197381
0.237804
0.743789
0.216484
0.745228
0.612395
0.863775
0.020320
0.506365
0.235804
0.224629
0.755473
0.065383
0.236748
0.372880
0.199538
0.212239
0.409727
0.512213
0.843739
0.010591
0.603605
0.327823
0.148906
0.254744
0.689128
0.566446
0.861623
0.130988
0.035398
0.775776
0.701266
0.548025
0.833970
0.302220
0.088267
0.177656
0.737274
0.681404
0.174335
0.406217
0.072320
0.485671
0.141996
0.710860
0.177186
0.831486
0.806136
0.638430
0.091285
0.526729
0.523222
0.177865
0.194659
0.479785
0.587718
0.542766
0.288973
0.112009
0.169316
0.802589
0.395920
0.851663
0.408533
0.428570
0.210732
0.964013
0.113214
0.729350
0.266355
0.685744
0.999398
0.734526
0.224102
0.671376
0.430162
0.132042
0.214790
0.130974
0.938850
0.008556
0.430196
0.074755
0.185266
0.717820
0.028428
0.538925
0.120711
0.217079
0.736718
0.695696
0.670193
0.420889
0.136892
0.147409
0.923788
0.065755
0.304152
0.487971
0.327264
0.133200
0.288667
0.829285
0.504099
0.302484
0.404901
0.368630
0.442039
0.246978
0.360970
0.017280
0.290125
0.968066
0.806685
0.460681
0.095584
0.387780
0.743013
0.114515
0.002343
0.193722
0.782302
0.638430
0.079117
0.256679
0.785280
0.002987
0.874765
0.067224
0.114899
0.181419
0.644624
0.037140
0.303648
0.435259
0.524974
0.211494
0.661905
0.295413
0.519323
0.765297
0.367633
0.476942
0.797772
0.563451
0.767937
0.196792
0.903862
0.391476
0.806479
0.022259
0.359183
0.988820
0.826975
0.411635
0.345647
0.692888
0.097732
0.335829
0.904069
0.022577
0.837864
0.239196
0.786305
0.245324
0.305826
0.835726
0.714475
0.600414
0.850285
0.885022
0.083980
0.881142
0.769020
0.065842
0.386906
0.083698
0.287417
0.080055
0.013882
0.593093
0.547395
0.506618
0.571661
0.463544
0.855209
0.325007
0.005809
0.452076
0.795367
0.978872
0.163765
0.231866
0.910637
0.328942
0.782302
