0.000000
0.000000
0.000000
0.000000
0.000000
0.000000
0.000000
0.000000
0.000000
0.000000
0.000000
0.000000
0.000000
0.000000
0.000000
0.000000
0.000000
0.000000
0.000000
0.000000
0.000000
0.000000
0.000000
0.000000
0.000000
0.000000
0.000000
0.000000
0.000000
0.000000
0.000000
0.000000
0.000000
0.000000
0.000000
0.000000
0.000000
0.000000
0.000000
0.000000
0.000000
0.000000
0.000000
0.000000
0.000000
0.000000
0.000000
0.000000
0.000000
0.000000
0.000000
0.000000
0.000000
0.000000
0.000000
0.000000
0.000000
0.000000
0.000000
0.000000
0.000000
0.000000
0.000000
0.000000
0.000000
0.000000
0.000000
0.000000
0.000000
0.000000
0.000000
0.000000
0.853779
0.615637
0.747203
0.882146
0.846414
0.618208
0.167799
0.045496
0.021335
0.003938
0.019516
0.435620
0.515406
0.251268
0.352407
0.460734
0.361896
0.315956
0.000000
0.000000
0.000000
0.000000
0.000000
0.000000
0.000000
0.000000
0.000000
0.000000
0.000000
0.000000
0.000000
0.000000
0.000000
0.000000
0.000000
0.000000
0.000000
0.000000
0.000000
0.000000
0.000000
0.000000
0.000000
0.000000
0.000000
0.000000
0.000000
0.000000
0.000000
0.000000
0.000000
0.000000
0.000000
0.000000
0.532151
0.378532
0.263607
0.307191
0.381844
0.339306
0.468271
0.526463
0.616475
0.262307
0.095683
0.162336
0.248559
0.305101
0.467655
0.610512
0.644185
0.441692
0.548897
0.475473
0.626646
0.608088
0.541055
0.310357
0.179286
0.162653
0.380506
0.831641
0.519315
0.505708
0.673127
0.451480
0.258572
0.128933
0.167841
0.276040
0.000000
0.000000
0.000000
0.000000
0.000000
0.000000
0.000000
0.000000
0.000000
0.000000
0.000000
0.000000
0.000000
0.000000
0.000000
0.000000
0.000000
0.000000
0.637919
0.612847
0.525407
0.464592
0.756211
0.670568
0.520779
0.515847
0.361781
0.361781
0.459675
0.455501
0.518677
0.445335
0.471768
0.508009
0.402775
0.440232
0.545772
0.744986
0.556802
0.204462
0.117559
0.034849
0.029508
0.066539
0.144256
0.731178
0.363286
0.398087
0.544527
0.428306
0.378594
0.252859
0.283778
0.656752
0.731044
0.852214
0.937338
0.821735
0.618351
0.640144
0.981612
0.777429
0.836676
0.006306
0.009227
0.060325
0.067096
0.054349
0.072694
0.110992
0.206179
0.167219
0.000000
0.000000
0.000000
0.000000
0.000000
0.000000
0.000000
0.000000
0.000000
0.000000
0.000000
0.000000
0.000000
0.000000
0.000000
0.000000
0.000000
0.000000
0.000000
0.000000
0.000000
0.000000
0.000000
0.000000
0.000000
0.000000
0.000000
0.000000
0.000000
0.000000
0.000000
0.000000
0.000000
0.000000
0.000000
0.000000
0.000000
0.000000
0.000000
0.000000
0.000000
0.000000
0.000000
0.000000
0.000000
0.000000
0.000000
0.000000
0.000000
0.000000
0.000000
0.000000
0.000000
0.000000
0.000000
0.000000
0.000000
0.000000
0.000000
0.000000
0.000000
0.000000
0.000000
0.000000
0.000000
0.000000
0.000000
0.000000
0.000000
0.000000
0.000000
0.000000
0.087141
0.191599
0.524182
0.875549
0.884076
0.432277
0.182649
0.269218
0.239776
0.338647
0.283138
0.053394
0.030805
0.051160
0.028937
0.017273
0.025710
0.032759
0.791145
0.935183
0.713694
0.518424
0.883143
0.836518
0.962551
0.903507
0.659243
0.570750
0.680201
0.638691
0.365592
0.344704
0.514332
0.452490
0.480924
0.710062
0.000000
0.000000
0.000000
0.000000
0.000000
0.000000
0.000000
0.000000
0.000000
0.000000
0.000000
0.000000
0.000000
0.000000
0.000000
0.000000
0.000000
0.000000
0.000000
0.000000
0.000000
0.000000
0.000000
0.000000
0.000000
0.000000
0.000000
0.000000
0.000000
0.000000
0.000000
0.000000
0.000000
0.000000
0.000000
0.000000
0.000000
0.000000
0.000000
0.000000
0.000000
0.000000
0.000000
0.000000
0.000000
0.000000
0.000000
0.000000
0.000000
0.000000
0.000000
0.000000
0.000000
0.000000
0.501507
0.389260
0.339040
0.380859
0.461737
0.385068
0.190243
0.160066
0.321523
0.685077
0.176114
0.180217
0.331656
0.238364
0.213815
0.135317
0.166200
0.350091
0.000000
0.000000
0.000000
0.000000
0.000000
0.000000
0.000000
0.000000
0.000000
0.000000
0.000000
0.000000
0.000000
0.000000
0.000000
0.000000
0.000000
0.000000
0.000000
0.000000
0.000000
0.000000
0.000000
0.000000
0.000000
0.000000
0.000000
0.000000
0.000000
0.000000
0.000000
0.000000
0.000000
0.000000
0.000000
0.000000
